Mode XML Parameters
ACO
maxNumIterations	100
pheromonesEvaporationRate	0.65
alpha	0.85
beta	0.85
numberOfAnts	20
GA
geneType	Simple
maxNumIterations	50
eliteNumber	0
mutationRate	0.05
crossoverRate	0.6
EVA
acoImportance	0.75
agImportance	0.25
Maze	dimension	col	#	#ok	#no	avg ok
maze20_5_0.mz	20	5	0	100	0	1.47
maze20_5_1.mz	20	5	1	100	0	0.31
maze20_5_2.mz	20	5	2	100	0	0.03
maze20_5_3.mz	20	5	3	100	0	1.34
maze20_5_4.mz	20	5	4	100	0	0.16
maze20_5_5.mz	20	5	5	100	0	0.06
maze20_5_6.mz	20	5	6	98	2	2.6530612244897958
maze20_5_7.mz	20	5	7	100	0	0.0
maze20_5_8.mz	20	5	8	100	0	0.14
maze20_5_9.mz	20	5	9	100	0	0.97
maze20_10_0.mz	20	10	0	100	0	0.06
maze20_10_1.mz	20	10	1	100	0	0.03
maze20_10_2.mz	20	10	2	100	0	1.43
maze20_10_3.mz	20	10	3	100	0	0.0
maze20_10_4.mz	20	10	4	100	0	0.37
maze20_10_5.mz	20	10	5	100	0	4.94
maze20_10_6.mz	20	10	6	100	0	0.37
maze20_10_7.mz	20	10	7	100	0	0.08
maze20_10_8.mz	20	10	8	100	0	1.1
maze20_10_9.mz	20	10	9	100	0	0.19
maze30_5_0.mz	30	5	0	99	1	1.393939393939394
maze30_5_1.mz	30	5	1	100	0	8.19
maze30_5_2.mz	30	5	2	92	8	8.380434782608695
maze30_5_3.mz	30	5	3	100	0	0.09
maze30_5_4.mz	30	5	4	100	0	0.5
maze30_5_5.mz	30	5	5	99	1	4.0
maze30_5_6.mz	30	5	6	100	0	1.33
maze30_5_7.mz	30	5	7	100	0	1.14
maze30_5_8.mz	30	5	8	100	0	1.99
maze30_5_9.mz	30	5	9	100	0	1.1
maze30_10_0.mz	30	10	0	100	0	0.42
maze30_10_1.mz	30	10	1	100	0	0.04
maze30_10_2.mz	30	10	2	94	6	8.53191489361702
maze30_10_3.mz	30	10	3	99	1	1.303030303030303
maze30_10_4.mz	30	10	4	100	0	0.02
maze30_10_5.mz	30	10	5	100	0	0.79
maze30_10_6.mz	30	10	6	100	0	1.05
maze30_10_7.mz	30	10	7	97	3	4.422680412371134
maze30_10_8.mz	30	10	8	99	1	2.393939393939394
maze30_10_9.mz	30	10	9	100	0	0.58
maze30_15_0.mz	30	15	0	100	0	0.16
maze30_15_1.mz	30	15	1	100	0	0.88
maze30_15_2.mz	30	15	2	100	0	0.18
maze30_15_3.mz	30	15	3	100	0	2.31
maze30_15_4.mz	30	15	4	100	0	2.93
maze30_15_5.mz	30	15	5	100	0	2.97
maze30_15_6.mz	30	15	6	100	0	2.36
maze30_15_7.mz	30	15	7	100	0	0.52
maze30_15_8.mz	30	15	8	100	0	3.69
maze30_15_9.mz	30	15	9	95	5	7.757894736842105
maze40_5_0.mz	40	5	0	89	11	9.337078651685394
maze40_5_1.mz	40	5	1	92	8	12.619565217391305
maze40_5_2.mz	40	5	2	100	0	0.14
maze40_5_3.mz	40	5	3	100	0	0.09
maze40_5_4.mz	40	5	4	98	2	3.4081632653061225
maze40_5_5.mz	40	5	5	99	1	1.7171717171717171
maze40_5_6.mz	40	5	6	100	0	2.27
maze40_5_7.mz	40	5	7	97	3	4.257731958762887
maze40_5_8.mz	40	5	8	100	0	0.53
maze40_5_9.mz	40	5	9	100	0	1.2
maze40_10_0.mz	40	10	0	98	2	6.938775510204081
maze40_10_1.mz	40	10	1	100	0	2.07
maze40_10_2.mz	40	10	2	100	0	0.17
maze40_10_3.mz	40	10	3	100	0	1.54
maze40_10_4.mz	40	10	4	99	1	3.9696969696969697
maze40_10_5.mz	40	10	5	100	0	1.62
maze40_10_6.mz	40	10	6	100	0	4.08
maze40_10_7.mz	40	10	7	100	0	4.69
maze40_10_8.mz	40	10	8	100	0	4.56
maze40_10_9.mz	40	10	9	100	0	1.29
maze40_20_0.mz	40	20	0	94	6	12.553191489361701
maze40_20_1.mz	40	20	1	96	4	9.270833333333334
maze40_20_2.mz	40	20	2	100	0	3.5
maze40_20_3.mz	40	20	3	100	0	4.03
maze40_20_4.mz	40	20	4	86	14	18.0
maze40_20_5.mz	40	20	5	99	1	3.8181818181818183
maze40_20_6.mz	40	20	6	100	0	0.7
maze40_20_7.mz	40	20	7	100	0	0.57
maze40_20_8.mz	40	20	8	100	0	1.33
maze40_20_9.mz	40	20	9	96	4	4.4375
maze50_5_0.mz	50	5	0	95	5	8.547368421052632
maze50_5_1.mz	50	5	1	98	2	5.285714285714286
maze50_5_2.mz	50	5	2	91	9	12.659340659340659
maze50_5_3.mz	50	5	3	97	3	4.402061855670103
maze50_5_4.mz	50	5	4	100	0	0.0
maze50_5_5.mz	50	5	5	97	3	4.505154639175258
maze50_5_6.mz	50	5	6	99	1	4.808080808080808
maze50_5_7.mz	50	5	7	97	3	6.907216494845361
maze50_5_8.mz	50	5	8	92	8	13.73913043478261
maze50_5_9.mz	50	5	9	96	4	9.083333333333334
maze50_10_0.mz	50	10	0	96	4	6.583333333333333
maze50_10_1.mz	50	10	1	100	0	1.74
maze50_10_2.mz	50	10	2	100	0	4.81
maze50_10_3.mz	50	10	3	97	3	8.597938144329897
maze50_10_4.mz	50	10	4	100	0	1.24
maze50_10_5.mz	50	10	5	100	0	2.66
maze50_10_6.mz	50	10	6	100	0	0.57
maze50_10_7.mz	50	10	7	100	0	2.11
maze50_10_8.mz	50	10	8	76	24	16.157894736842106
maze50_10_9.mz	50	10	9	100	0	4.13
maze60_5_0.mz	60	5	0	98	2	4.489795918367347
maze60_5_1.mz	60	5	1	99	1	4.303030303030303
maze60_5_2.mz	60	5	2	98	2	6.459183673469388
maze60_5_3.mz	60	5	3	73	27	25.71232876712329
maze60_5_4.mz	60	5	4	100	0	0.03
maze60_5_5.mz	60	5	5	90	10	8.177777777777777
maze60_5_6.mz	60	5	6	100	0	0.53
maze60_5_7.mz	60	5	7	88	12	17.329545454545453
maze60_5_8.mz	60	5	8	95	5	6.631578947368421
maze60_5_9.mz	60	5	9	100	0	1.17
maze60_10_0.mz	60	10	0	98	2	4.346938775510204
maze60_10_1.mz	60	10	1	100	0	11.36
maze60_10_2.mz	60	10	2	99	1	1.797979797979798
maze60_10_3.mz	60	10	3	99	1	3.7676767676767677
maze60_10_4.mz	60	10	4	100	0	0.8
maze60_10_5.mz	60	10	5	97	3	6.989690721649485
maze60_10_6.mz	60	10	6	97	3	7.041237113402062
maze60_10_7.mz	60	10	7	99	1	2.5757575757575757
maze60_10_8.mz	60	10	8	93	7	9.978494623655914
maze60_10_9.mz	60	10	9	95	5	3.789473684210526
maze60_15_0.mz	60	15	0	98	2	6.112244897959184
maze60_15_1.mz	60	15	1	91	9	16.13186813186813
maze60_15_2.mz	60	15	2	100	0	4.07
maze60_15_3.mz	60	15	3	100	0	0.66
maze60_15_4.mz	60	15	4	99	1	1.3535353535353536
maze60_15_5.mz	60	15	5	75	25	15.48
maze60_15_6.mz	60	15	6	79	21	20.265822784810126
maze60_15_7.mz	60	15	7	100	0	0.18
maze60_15_8.mz	60	15	8	96	4	6.270833333333333
maze60_15_9.mz	60	15	9	89	11	19.078651685393258
maze60_20_0.mz	60	20	0	100	0	0.46
maze60_20_1.mz	60	20	1	89	11	10.359550561797754
maze60_20_2.mz	60	20	2	72	28	16.875
maze60_20_3.mz	60	20	3	100	0	1.85
maze60_20_4.mz	60	20	4	88	12	10.556818181818182
maze60_20_5.mz	60	20	5	97	3	4.22680412371134
maze60_20_6.mz	60	20	6	74	26	17.60810810810811
maze60_20_7.mz	60	20	7	97	3	6.649484536082475
maze60_20_8.mz	60	20	8	85	15	20.11764705882353
maze60_20_9.mz	60	20	9	94	6	9.5
maze70_5_0.mz	70	5	0	91	9	8.406593406593407
maze70_5_1.mz	70	5	1	100	0	6.5
maze70_5_2.mz	70	5	2	99	1	1.7474747474747474
maze70_5_3.mz	70	5	3	94	6	9.202127659574469
maze70_5_4.mz	70	5	4	100	0	4.12
maze70_5_5.mz	70	5	5	84	16	14.392857142857142
maze70_5_6.mz	70	5	6	100	0	0.25
maze70_5_7.mz	70	5	7	99	1	7.161616161616162
maze70_5_8.mz	70	5	8	94	6	6.148936170212766
maze70_5_9.mz	70	5	9	56	44	28.607142857142858
maze70_10_0.mz	70	10	0	91	9	10.857142857142858
maze70_10_1.mz	70	10	1	99	1	2.3535353535353534
maze70_10_2.mz	70	10	2	96	4	8.875
maze70_10_3.mz	70	10	3	100	0	2.21
maze70_10_4.mz	70	10	4	86	14	18.41860465116279
maze70_10_5.mz	70	10	5	99	1	6.393939393939394
maze70_10_6.mz	70	10	6	100	0	0.44
maze70_10_7.mz	70	10	7	100	0	0.57
maze70_10_8.mz	70	10	8	100	0	1.72
maze70_10_9.mz	70	10	9	96	4	6.427083333333333
maze80_5_0.mz	80	5	0	92	8	6.663043478260869
maze80_5_1.mz	80	5	1	96	4	8.635416666666666
maze80_5_2.mz	80	5	2	99	1	8.333333333333334
maze80_5_3.mz	80	5	3	85	15	14.223529411764705
maze80_5_4.mz	80	5	4	100	0	0.92
maze80_5_5.mz	80	5	5	88	12	15.75
maze80_5_6.mz	80	5	6	91	9	18.78021978021978
maze80_5_7.mz	80	5	7	81	19	19.160493827160494
maze80_5_8.mz	80	5	8	96	4	7.59375
maze80_5_9.mz	80	5	9	86	14	20.36046511627907
maze80_10_0.mz	80	10	0	46	54	31.347826086956523
maze80_10_1.mz	80	10	1	98	2	8.673469387755102
maze80_10_2.mz	80	10	2	100	0	1.14
maze80_10_3.mz	80	10	3	99	1	5.94949494949495
maze80_10_4.mz	80	10	4	86	14	16.313953488372093
maze80_10_5.mz	80	10	5	98	2	3.0408163265306123
maze80_10_6.mz	80	10	6	71	29	25.633802816901408
maze80_10_7.mz	80	10	7	100	0	1.11
maze80_10_8.mz	80	10	8	98	2	4.36734693877551
maze80_10_9.mz	80	10	9	92	8	10.869565217391305
maze80_20_0.mz	80	20	0	97	3	6.371134020618556
maze80_20_1.mz	80	20	1	52	48	28.673076923076923
maze80_20_2.mz	80	20	2	100	0	3.13
maze80_20_3.mz	80	20	3	81	19	16.19753086419753
maze80_20_4.mz	80	20	4	99	1	8.02020202020202
maze80_20_5.mz	80	20	5	90	10	13.444444444444445
maze80_20_6.mz	80	20	6	81	19	17.962962962962962
maze80_20_7.mz	80	20	7	60	40	31.066666666666666
maze80_20_8.mz	80	20	8	82	18	21.341463414634145
maze80_20_9.mz	80	20	9	36	64	30.52777777777778
maze90_5_0.mz	90	5	0	83	17	17.08433734939759
maze90_5_1.mz	90	5	1	12	88	45.416666666666664
maze90_5_2.mz	90	5	2	93	7	11.731182795698924
maze90_5_3.mz	90	5	3	79	21	19.050632911392405
maze90_5_4.mz	90	5	4	97	3	7.742268041237113
maze90_5_5.mz	90	5	5	88	12	10.897727272727273
maze90_5_6.mz	90	5	6	99	1	2.090909090909091
maze90_5_7.mz	90	5	7	88	12	21.488636363636363
maze90_5_8.mz	90	5	8	80	20	11.6375
maze90_5_9.mz	90	5	9	38	62	34.18421052631579
maze90_10_0.mz	90	10	0	100	0	2.37
maze90_10_1.mz	90	10	1	99	1	4.434343434343434
maze90_10_2.mz	90	10	2	98	2	4.408163265306122
maze90_10_3.mz	90	10	3	98	2	5.377551020408164
maze90_10_4.mz	90	10	4	94	6	9.98936170212766
maze90_10_5.mz	90	10	5	70	30	23.785714285714285
maze90_10_6.mz	90	10	6	100	0	2.15
maze90_10_7.mz	90	10	7	97	3	12.793814432989691
maze90_10_8.mz	90	10	8	91	9	13.934065934065934
maze90_10_9.mz	90	10	9	78	22	20.756410256410255
maze90_15_0.mz	90	15	0	98	2	1.346938775510204
maze90_15_1.mz	90	15	1	100	0	3.58
maze90_15_2.mz	90	15	2	98	2	3.2448979591836733
maze90_15_3.mz	90	15	3	94	6	11.595744680851064
maze90_15_4.mz	90	15	4	100	0	5.87
maze90_15_5.mz	90	15	5	96	4	9.958333333333334
maze90_15_6.mz	90	15	6	32	68	33.125
maze90_15_7.mz	90	15	7	99	1	3.707070707070707
maze90_15_8.mz	90	15	8	100	0	2.41
maze90_15_9.mz	90	15	9	100	0	3.62
maze100_5_0.mz	100	5	0	67	33	20.507462686567163
maze100_5_1.mz	100	5	1	55	45	30.30909090909091
maze100_5_2.mz	100	5	2	22	78	40.0
maze100_5_3.mz	100	5	3	79	21	20.151898734177216
maze100_5_4.mz	100	5	4	90	10	13.033333333333333
maze100_5_5.mz	100	5	5	100	0	1.67
maze100_5_6.mz	100	5	6	97	3	11.556701030927835
maze100_5_7.mz	100	5	7	51	49	20.941176470588236
maze100_5_8.mz	100	5	8	95	5	12.063157894736841
maze100_5_9.mz	100	5	9	49	51	24.53061224489796
maze100_10_0.mz	100	10	0	96	4	7.197916666666667
maze100_10_1.mz	100	10	1	92	8	6.391304347826087
maze100_10_2.mz	100	10	2	76	24	22.960526315789473
maze100_10_3.mz	100	10	3	98	2	6.877551020408164
maze100_10_4.mz	100	10	4	100	0	0.75
maze100_10_5.mz	100	10	5	99	1	3.212121212121212
maze100_10_6.mz	100	10	6	100	0	2.94
maze100_10_7.mz	100	10	7	30	70	22.633333333333333
maze100_10_8.mz	100	10	8	100	0	2.28
maze100_10_9.mz	100	10	9	44	56	31.40909090909091
maze100_20_0.mz	100	20	0	100	0	1.77
maze100_20_1.mz	100	20	1	54	46	36.18518518518518
maze100_20_2.mz	100	20	2	89	11	19.95505617977528
maze100_20_3.mz	100	20	3	87	13	11.471264367816092
maze100_20_4.mz	100	20	4	73	27	19.410958904109588
maze100_20_5.mz	100	20	5	67	33	25.611940298507463
maze100_20_6.mz	100	20	6	69	31	25.89855072463768
maze100_20_7.mz	100	20	7	78	22	17.602564102564102
maze100_20_8.mz	100	20	8	100	0	0.2
maze100_20_9.mz	100	20	9	53	47	23.452830188679247
maze110_5_0.mz	110	5	0	51	49	29.235294117647058
maze110_5_1.mz	110	5	1	93	7	8.075268817204302
maze110_5_2.mz	110	5	2	62	38	25.693548387096776
maze110_5_3.mz	110	5	3	47	53	30.48936170212766
maze110_5_4.mz	110	5	4	80	20	26.05
maze110_5_5.mz	110	5	5	83	17	15.373493975903614
maze110_5_6.mz	110	5	6	95	5	7.28421052631579
maze110_5_7.mz	110	5	7	57	43	22.087719298245613
maze110_5_8.mz	110	5	8	76	24	19.44736842105263
maze110_5_9.mz	110	5	9	90	10	14.444444444444445
maze110_10_0.mz	110	10	0	100	0	0.68
maze110_10_1.mz	110	10	1	93	7	11.580645161290322
maze110_10_2.mz	110	10	2	97	3	6.288659793814433
maze110_10_3.mz	110	10	3	96	4	8.625
maze110_10_4.mz	110	10	4	11	89	37.81818181818182
maze110_10_5.mz	110	10	5	100	0	4.35
maze110_10_6.mz	110	10	6	91	9	11.571428571428571
maze110_10_7.mz	110	10	7	53	47	21.09433962264151
maze110_10_8.mz	110	10	8	82	18	19.365853658536587
maze110_10_9.mz	110	10	9	66	34	17.424242424242426
maze120_5_0.mz	120	5	0	0	100	NaN
maze120_5_1.mz	120	5	1	59	41	27.35593220338983
maze120_5_2.mz	120	5	2	38	62	28.86842105263158
maze120_5_3.mz	120	5	3	58	42	23.724137931034484
maze120_5_4.mz	120	5	4	93	7	7.720430107526882
maze120_5_5.mz	120	5	5	62	38	25.79032258064516
maze120_5_6.mz	120	5	6	74	26	16.027027027027028
maze120_5_7.mz	120	5	7	69	31	20.420289855072465
maze120_5_8.mz	120	5	8	79	21	19.70886075949367
maze120_5_9.mz	120	5	9	94	6	11.98936170212766
maze120_10_0.mz	120	10	0	99	1	4.202020202020202
maze120_10_1.mz	120	10	1	92	8	13.282608695652174
maze120_10_2.mz	120	10	2	99	1	10.767676767676768
maze120_10_3.mz	120	10	3	100	0	1.64
maze120_10_4.mz	120	10	4	99	1	10.404040404040405
maze120_10_5.mz	120	10	5	96	4	4.291666666666667
maze120_10_6.mz	120	10	6	96	4	6.833333333333333
maze120_10_7.mz	120	10	7	100	0	1.57
maze120_10_8.mz	120	10	8	50	50	28.12
maze120_10_9.mz	120	10	9	95	5	7.768421052631579
maze120_15_0.mz	120	15	0	97	3	7.185567010309279
maze120_15_1.mz	120	15	1	76	24	24.94736842105263
maze120_15_2.mz	120	15	2	88	12	19.056818181818183
maze120_15_3.mz	120	15	3	100	0	3.22
maze120_15_4.mz	120	15	4	100	0	1.54
maze120_15_5.mz	120	15	5	78	22	17.666666666666668
maze120_15_6.mz	120	15	6	85	15	13.105882352941176
maze120_15_7.mz	120	15	7	92	8	16.5
maze120_15_8.mz	120	15	8	68	32	23.514705882352942
maze120_15_9.mz	120	15	9	44	56	36.56818181818182
maze120_20_0.mz	120	20	0	92	8	12.032608695652174
maze120_20_1.mz	120	20	1	99	1	5.8686868686868685
maze120_20_2.mz	120	20	2	99	1	5.1313131313131315
maze120_20_3.mz	120	20	3	74	26	20.12162162162162
maze120_20_4.mz	120	20	4	53	47	29.58490566037736
maze120_20_5.mz	120	20	5	87	13	14.149425287356323
maze120_20_6.mz	120	20	6	57	43	19.771929824561404
maze120_20_7.mz	120	20	7	44	56	31.795454545454547
maze120_20_8.mz	120	20	8	89	11	15.831460674157304
maze120_20_9.mz	120	20	9	91	9	19.296703296703296
maze130_5_0.mz	130	5	0	70	30	25.0
maze130_5_1.mz	130	5	1	100	0	2.06
maze130_5_2.mz	130	5	2	89	11	14.775280898876405
maze130_5_3.mz	130	5	3	38	62	33.89473684210526
maze130_5_4.mz	130	5	4	80	20	15.825
maze130_5_5.mz	130	5	5	94	6	7.425531914893617
maze130_5_6.mz	130	5	6	94	6	12.787234042553191
maze130_5_7.mz	130	5	7	97	3	7.391752577319588
maze130_5_8.mz	130	5	8	49	51	36.40816326530612
maze130_5_9.mz	130	5	9	31	69	37.74193548387097
maze130_10_0.mz	130	10	0	93	7	12.301075268817204
maze130_10_1.mz	130	10	1	99	1	6.333333333333333
maze130_10_2.mz	130	10	2	95	5	9.178947368421053
maze130_10_3.mz	130	10	3	98	2	5.428571428571429
maze130_10_4.mz	130	10	4	100	0	3.44
maze130_10_5.mz	130	10	5	96	4	9.239583333333334
maze130_10_6.mz	130	10	6	82	18	20.865853658536587
maze130_10_7.mz	130	10	7	98	2	5.785714285714286
maze130_10_8.mz	130	10	8	79	21	21.21518987341772
maze130_10_9.mz	130	10	9	96	4	7.28125
maze140_5_0.mz	140	5	0	43	57	33.627906976744185
maze140_5_1.mz	140	5	1	76	24	17.32894736842105
maze140_5_2.mz	140	5	2	90	10	13.28888888888889
maze140_5_3.mz	140	5	3	46	54	37.93478260869565
maze140_5_4.mz	140	5	4	80	20	17.65
maze140_5_5.mz	140	5	5	82	18	14.78048780487805
maze140_5_6.mz	140	5	6	59	41	29.45762711864407
maze140_5_7.mz	140	5	7	26	74	37.88461538461539
maze140_5_8.mz	140	5	8	86	14	21.197674418604652
maze140_5_9.mz	140	5	9	86	14	19.093023255813954
maze140_10_0.mz	140	10	0	21	79	40.476190476190474
maze140_10_1.mz	140	10	1	100	0	1.87
maze140_10_2.mz	140	10	2	100	0	2.85
maze140_10_3.mz	140	10	3	56	44	28.089285714285715
maze140_10_4.mz	140	10	4	31	69	34.54838709677419
maze140_10_5.mz	140	10	5	98	2	7.387755102040816
maze140_10_6.mz	140	10	6	51	49	33.470588235294116
maze140_10_7.mz	140	10	7	99	1	3.797979797979798
maze140_10_8.mz	140	10	8	97	3	9.422680412371134
maze140_10_9.mz	140	10	9	92	8	12.282608695652174
maze140_20_0.mz	140	20	0	83	17	20.325301204819276
maze140_20_1.mz	140	20	1	31	69	35.70967741935484
maze140_20_2.mz	140	20	2	62	38	28.693548387096776
maze140_20_3.mz	140	20	3	63	37	29.571428571428573
maze140_20_4.mz	140	20	4	83	17	15.879518072289157
maze140_20_5.mz	140	20	5	100	0	2.61
maze140_20_6.mz	140	20	6	58	42	26.25862068965517
maze140_20_7.mz	140	20	7	81	19	22.65432098765432
maze140_20_8.mz	140	20	8	56	44	32.892857142857146
maze140_20_9.mz	140	20	9	80	20	20.85
maze150_5_0.mz	150	5	0	52	48	31.942307692307693
maze150_5_1.mz	150	5	1	88	12	12.920454545454545
maze150_5_2.mz	150	5	2	17	83	45.8235294117647
maze150_5_3.mz	150	5	3	75	25	22.733333333333334
maze150_5_4.mz	150	5	4	1	99	23.0
maze150_5_5.mz	150	5	5	87	13	14.25287356321839
maze150_5_6.mz	150	5	6	27	73	39.629629629629626
maze150_5_7.mz	150	5	7	0	100	NaN
maze150_5_8.mz	150	5	8	71	29	19.154929577464788
maze150_5_9.mz	150	5	9	29	71	38.6551724137931
maze150_10_0.mz	150	10	0	85	15	15.6
maze150_10_1.mz	150	10	1	37	63	40.0
maze150_10_2.mz	150	10	2	40	60	35.05
maze150_10_3.mz	150	10	3	98	2	5.224489795918367
maze150_10_4.mz	150	10	4	69	31	19.246376811594203
maze150_10_5.mz	150	10	5	100	0	5.27
maze150_10_6.mz	150	10	6	85	15	16.694117647058825
maze150_10_7.mz	150	10	7	54	46	23.314814814814813
maze150_10_8.mz	150	10	8	58	42	25.913793103448278
maze150_10_9.mz	150	10	9	67	33	30.492537313432837
maze150_15_0.mz	150	15	0	31	69	35.354838709677416
maze150_15_1.mz	150	15	1	89	11	13.842696629213483
maze150_15_2.mz	150	15	2	81	19	15.11111111111111
maze150_15_3.mz	150	15	3	80	20	15.9375
maze150_15_4.mz	150	15	4	86	14	15.86046511627907
maze150_15_5.mz	150	15	5	98	2	5.040816326530612
maze150_15_6.mz	150	15	6	86	14	15.476744186046512
maze150_15_7.mz	150	15	7	96	4	10.322916666666666
maze150_15_8.mz	150	15	8	42	58	32.30952380952381
maze150_15_9.mz	150	15	9	93	7	8.387096774193548
maze160_5_0.mz	160	5	0	56	44	20.892857142857142
maze160_5_1.mz	160	5	1	56	44	21.839285714285715
maze160_5_2.mz	160	5	2	25	75	31.28
maze160_5_3.mz	160	5	3	18	82	40.833333333333336
maze160_5_4.mz	160	5	4	60	40	34.25
maze160_5_5.mz	160	5	5	74	26	21.324324324324323
maze160_5_6.mz	160	5	6	9	91	62.44444444444444
maze160_5_7.mz	160	5	7	91	9	10.10989010989011
maze160_5_8.mz	160	5	8	24	76	34.291666666666664
maze160_5_9.mz	160	5	9	45	55	32.31111111111111
maze160_10_0.mz	160	10	0	89	11	16.06741573033708
maze160_10_1.mz	160	10	1	56	44	36.392857142857146
maze160_10_2.mz	160	10	2	96	4	8.145833333333334
maze160_10_3.mz	160	10	3	75	25	19.426666666666666
maze160_10_4.mz	160	10	4	57	43	30.105263157894736
maze160_10_5.mz	160	10	5	9	91	64.0
maze160_10_6.mz	160	10	6	92	8	9.815217391304348
maze160_10_7.mz	160	10	7	98	2	6.275510204081633
maze160_10_8.mz	160	10	8	22	78	45.90909090909091
maze160_10_9.mz	160	10	9	71	29	23.422535211267604
maze160_20_0.mz	160	20	0	20	80	43.9
maze160_20_1.mz	160	20	1	89	11	15.51685393258427
maze160_20_2.mz	160	20	2	52	48	38.11538461538461
maze160_20_3.mz	160	20	3	68	32	21.455882352941178
maze160_20_4.mz	160	20	4	100	0	1.17
maze160_20_5.mz	160	20	5	94	6	10.319148936170214
maze160_20_6.mz	160	20	6	45	55	28.866666666666667
maze160_20_7.mz	160	20	7	19	81	26.526315789473685
maze160_20_8.mz	160	20	8	24	76	44.541666666666664
maze160_20_9.mz	160	20	9	84	16	15.904761904761905
maze170_5_0.mz	170	5	0	47	53	32.97872340425532
maze170_5_1.mz	170	5	1	56	44	26.821428571428573
maze170_5_2.mz	170	5	2	3	97	25.0
maze170_5_3.mz	170	5	3	30	70	35.5
maze170_5_4.mz	170	5	4	18	82	28.055555555555557
maze170_5_5.mz	170	5	5	5	95	46.0
maze170_5_6.mz	170	5	6	65	35	19.23076923076923
maze170_5_7.mz	170	5	7	66	34	19.257575757575758
maze170_5_8.mz	170	5	8	11	89	44.90909090909091
maze170_5_9.mz	170	5	9	15	85	36.0
maze170_10_0.mz	170	10	0	99	1	5.525252525252525
maze170_10_1.mz	170	10	1	44	56	35.88636363636363
maze170_10_2.mz	170	10	2	40	60	40.7
maze170_10_3.mz	170	10	3	0	100	NaN
maze170_10_4.mz	170	10	4	99	1	5.505050505050505
maze170_10_5.mz	170	10	5	1	99	7.0
maze170_10_6.mz	170	10	6	96	4	6.177083333333333
maze170_10_7.mz	170	10	7	66	34	25.181818181818183
maze170_10_8.mz	170	10	8	71	29	19.154929577464788
maze170_10_9.mz	170	10	9	100	0	6.41
maze180_5_0.mz	180	5	0	11	89	29.545454545454547
maze180_5_1.mz	180	5	1	28	72	48.785714285714285
maze180_5_2.mz	180	5	2	37	63	31.2972972972973
maze180_5_3.mz	180	5	3	23	77	39.26086956521739
maze180_5_4.mz	180	5	4	1	99	22.0
maze180_5_5.mz	180	5	5	7	93	38.857142857142854
maze180_5_6.mz	180	5	6	39	61	31.102564102564102
maze180_5_7.mz	180	5	7	41	59	30.048780487804876
maze180_5_8.mz	180	5	8	3	97	45.0
maze180_5_9.mz	180	5	9	11	89	45.90909090909091
maze180_10_0.mz	180	10	0	28	72	45.214285714285715
maze180_10_1.mz	180	10	1	85	15	13.870588235294118
maze180_10_2.mz	180	10	2	45	55	30.2
maze180_10_3.mz	180	10	3	95	5	18.073684210526316
maze180_10_4.mz	180	10	4	48	52	29.708333333333332
maze180_10_5.mz	180	10	5	90	10	11.744444444444444
maze180_10_6.mz	180	10	6	93	7	10.903225806451612
maze180_10_7.mz	180	10	7	47	53	20.74468085106383
maze180_10_8.mz	180	10	8	83	17	22.373493975903614
maze180_10_9.mz	180	10	9	33	67	35.696969696969695
maze180_15_0.mz	180	15	0	0	100	NaN
maze180_15_1.mz	180	15	1	52	48	26.115384615384617
maze180_15_2.mz	180	15	2	22	78	31.40909090909091
maze180_15_3.mz	180	15	3	100	0	5.05
maze180_15_4.mz	180	15	4	15	85	41.8
maze180_15_5.mz	180	15	5	95	5	11.610526315789473
maze180_15_6.mz	180	15	6	60	40	32.1
maze180_15_7.mz	180	15	7	85	15	15.329411764705883
maze180_15_8.mz	180	15	8	100	0	0.68
maze180_15_9.mz	180	15	9	94	6	15.712765957446809
maze180_20_0.mz	180	20	0	42	58	35.404761904761905
maze180_20_1.mz	180	20	1	22	78	29.136363636363637
maze180_20_2.mz	180	20	2	3	97	21.333333333333332
maze180_20_3.mz	180	20	3	3	97	57.333333333333336
maze180_20_4.mz	180	20	4	24	76	39.458333333333336
maze180_20_5.mz	180	20	5	64	36	25.03125
maze180_20_6.mz	180	20	6	97	3	8.24742268041237
maze180_20_7.mz	180	20	7	7	93	40.857142857142854
maze180_20_8.mz	180	20	8	5	95	43.4
maze180_20_9.mz	180	20	9	43	57	33.325581395348834
maze190_5_0.mz	190	5	0	6	94	36.666666666666664
maze190_5_1.mz	190	5	1	78	22	17.153846153846153
maze190_5_2.mz	190	5	2	19	81	46.21052631578947
maze190_5_3.mz	190	5	3	45	55	25.42222222222222
maze190_5_4.mz	190	5	4	35	65	36.857142857142854
maze190_5_5.mz	190	5	5	64	36	25.390625
maze190_5_6.mz	190	5	6	59	41	24.135593220338983
maze190_5_7.mz	190	5	7	28	72	44.285714285714285
maze190_5_8.mz	190	5	8	5	95	42.6
maze190_5_9.mz	190	5	9	88	12	18.806818181818183
maze190_10_0.mz	190	10	0	89	11	9.044943820224718
maze190_10_1.mz	190	10	1	94	6	14.53191489361702
maze190_10_2.mz	190	10	2	31	69	37.0
maze190_10_3.mz	190	10	3	94	6	9.957446808510639
maze190_10_4.mz	190	10	4	0	100	NaN
maze190_10_5.mz	190	10	5	75	25	28.32
maze190_10_6.mz	190	10	6	18	82	45.55555555555556
maze190_10_7.mz	190	10	7	100	0	0.64
maze190_10_8.mz	190	10	8	1	99	37.0
maze190_10_9.mz	190	10	9	41	59	27.682926829268293
maze200_5_0.mz	200	5	0	1	99	32.0
maze200_5_1.mz	200	5	1	20	80	33.05
maze200_5_2.mz	200	5	2	24	76	46.25
maze200_5_3.mz	200	5	3	94	6	13.148936170212766
maze200_5_4.mz	200	5	4	7	93	38.714285714285715
maze200_5_5.mz	200	5	5	0	100	NaN
maze200_5_6.mz	200	5	6	52	48	34.80769230769231
maze200_5_7.mz	200	5	7	10	90	57.6
maze200_5_8.mz	200	5	8	0	100	NaN
maze200_5_9.mz	200	5	9	0	100	NaN
maze200_10_0.mz	200	10	0	43	57	32.30232558139535
maze200_10_1.mz	200	10	1	97	3	5.494845360824742
maze200_10_2.mz	200	10	2	28	72	55.642857142857146
maze200_10_3.mz	200	10	3	97	3	6.917525773195877
maze200_10_4.mz	200	10	4	98	2	9.377551020408163
maze200_10_5.mz	200	10	5	1	99	73.0
maze200_10_6.mz	200	10	6	97	3	10.54639175257732
maze200_10_7.mz	200	10	7	10	90	42.1
maze200_10_8.mz	200	10	8	81	19	17.617283950617285
maze200_10_9.mz	200	10	9	93	7	13.397849462365592
maze200_20_0.mz	200	20	0	31	69	32.74193548387097
maze200_20_1.mz	200	20	1	71	29	25.154929577464788
maze200_20_2.mz	200	20	2	66	34	26.439393939393938
maze200_20_3.mz	200	20	3	37	63	30.135135135135137
maze200_20_4.mz	200	20	4	85	15	14.282352941176471
maze200_20_5.mz	200	20	5	20	80	35.0
maze200_20_6.mz	200	20	6	97	3	5.907216494845361
maze200_20_7.mz	200	20	7	63	37	23.746031746031747
maze200_20_8.mz	200	20	8	8	92	45.0
maze200_20_9.mz	200	20	9	52	48	33.07692307692308
maze210_5_0.mz	210	5	0	0	100	NaN
maze210_5_1.mz	210	5	1	56	44	24.946428571428573
maze210_5_2.mz	210	5	2	36	64	32.72222222222222
maze210_5_3.mz	210	5	3	21	79	47.666666666666664
maze210_5_4.mz	210	5	4	3	97	52.333333333333336
maze210_5_5.mz	210	5	5	6	94	44.166666666666664
maze210_5_6.mz	210	5	6	11	89	49.36363636363637
maze210_5_7.mz	210	5	7	2	98	75.5
maze210_5_8.mz	210	5	8	88	12	20.181818181818183
maze210_5_9.mz	210	5	9	19	81	41.36842105263158
maze210_10_0.mz	210	10	0	77	23	21.727272727272727
maze210_10_1.mz	210	10	1	94	6	13.0
maze210_10_2.mz	210	10	2	37	63	29.054054054054053
maze210_10_3.mz	210	10	3	65	35	22.676923076923078
maze210_10_4.mz	210	10	4	60	40	35.61666666666667
maze210_10_5.mz	210	10	5	14	86	34.285714285714285
maze210_10_6.mz	210	10	6	62	38	33.67741935483871
maze210_10_7.mz	210	10	7	86	14	13.55813953488372
maze210_10_8.mz	210	10	8	39	61	37.8974358974359
maze210_10_9.mz	210	10	9	76	24	22.973684210526315
maze210_15_0.mz	210	15	0	24	76	39.291666666666664
maze210_15_1.mz	210	15	1	21	79	40.476190476190474
maze210_15_2.mz	210	15	2	74	26	21.216216216216218
maze210_15_3.mz	210	15	3	66	34	29.727272727272727
maze210_15_4.mz	210	15	4	26	74	38.84615384615385
maze210_15_5.mz	210	15	5	65	35	20.076923076923077
maze210_15_6.mz	210	15	6	95	5	6.947368421052632
maze210_15_7.mz	210	15	7	93	7	8.817204301075268
maze210_15_8.mz	210	15	8	55	45	30.163636363636364
maze210_15_9.mz	210	15	9	45	55	29.08888888888889
maze220_5_0.mz	220	5	0	33	67	38.303030303030305
maze220_5_1.mz	220	5	1	4	96	32.5
maze220_5_2.mz	220	5	2	12	88	46.666666666666664
maze220_5_3.mz	220	5	3	6	94	43.5
maze220_5_4.mz	220	5	4	10	90	47.1
maze220_5_5.mz	220	5	5	13	87	56.61538461538461
maze220_5_6.mz	220	5	6	1	99	45.0
maze220_5_7.mz	220	5	7	1	99	53.0
maze220_5_8.mz	220	5	8	4	96	40.0
maze220_5_9.mz	220	5	9	39	61	40.82051282051282
maze220_10_0.mz	220	10	0	45	55	40.24444444444445
maze220_10_1.mz	220	10	1	80	20	24.2875
maze220_10_2.mz	220	10	2	26	74	43.88461538461539
maze220_10_3.mz	220	10	3	20	80	25.85
maze220_10_4.mz	220	10	4	54	46	26.61111111111111
maze220_10_5.mz	220	10	5	65	35	23.076923076923077
maze220_10_6.mz	220	10	6	8	92	20.875
maze220_10_7.mz	220	10	7	95	5	7.757894736842105
maze220_10_8.mz	220	10	8	8	92	55.625
maze220_10_9.mz	220	10	9	26	74	35.5
maze220_20_0.mz	220	20	0	32	68	37.53125
maze220_20_1.mz	220	20	1	100	0	0.08
maze220_20_2.mz	220	20	2	82	18	22.329268292682926
maze220_20_3.mz	220	20	3	56	44	22.089285714285715
maze220_20_4.mz	220	20	4	95	5	12.705263157894738
maze220_20_5.mz	220	20	5	97	3	10.917525773195877
maze220_20_6.mz	220	20	6	91	9	7.3076923076923075
maze220_20_7.mz	220	20	7	72	28	23.0
maze220_20_8.mz	220	20	8	85	15	16.24705882352941
maze220_20_9.mz	220	20	9	54	46	29.074074074074073
maze230_5_0.mz	230	5	0	4	96	40.0
maze230_5_1.mz	230	5	1	11	89	33.0
maze230_5_2.mz	230	5	2	52	48	29.884615384615383
maze230_5_3.mz	230	5	3	4	96	34.5
maze230_5_4.mz	230	5	4	40	60	32.325
maze230_5_5.mz	230	5	5	13	87	45.46153846153846
maze230_5_6.mz	230	5	6	34	66	46.3235294117647
maze230_5_7.mz	230	5	7	1	99	62.0
maze230_5_8.mz	230	5	8	1	99	53.0
maze230_5_9.mz	230	5	9	0	100	NaN
maze230_10_0.mz	230	10	0	54	46	24.77777777777778
maze230_10_1.mz	230	10	1	39	61	38.1025641025641
maze230_10_2.mz	230	10	2	21	79	48.04761904761905
maze230_10_3.mz	230	10	3	88	12	20.28409090909091
maze230_10_4.mz	230	10	4	76	24	22.42105263157895
maze230_10_5.mz	230	10	5	54	46	27.87037037037037
maze230_10_6.mz	230	10	6	92	8	15.782608695652174
maze230_10_7.mz	230	10	7	97	3	3.8762886597938144
maze230_10_8.mz	230	10	8	93	7	13.010752688172044
maze230_10_9.mz	230	10	9	5	95	46.6
maze240_5_0.mz	240	5	0	0	100	NaN
maze240_5_1.mz	240	5	1	2	98	63.5
maze240_5_2.mz	240	5	2	3	97	15.0
maze240_5_3.mz	240	5	3	10	90	58.5
maze240_5_4.mz	240	5	4	0	100	NaN
maze240_5_5.mz	240	5	5	43	57	30.6046511627907
maze240_5_6.mz	240	5	6	43	57	30.697674418604652
maze240_5_7.mz	240	5	7	1	99	23.0
maze240_5_8.mz	240	5	8	38	62	32.60526315789474
maze240_5_9.mz	240	5	9	10	90	52.1
maze240_10_0.mz	240	10	0	1	99	65.0
maze240_10_1.mz	240	10	1	2	98	53.0
maze240_10_2.mz	240	10	2	58	42	29.655172413793103
maze240_10_3.mz	240	10	3	91	9	9.296703296703297
maze240_10_4.mz	240	10	4	75	25	22.84
maze240_10_5.mz	240	10	5	20	80	38.05
maze240_10_6.mz	240	10	6	61	39	24.016393442622952
maze240_10_7.mz	240	10	7	36	64	30.22222222222222
maze240_10_8.mz	240	10	8	100	0	3.65
maze240_10_9.mz	240	10	9	16	84	48.8125
maze240_15_0.mz	240	15	0	94	6	6.159574468085107
maze240_15_1.mz	240	15	1	68	32	23.33823529411765
maze240_15_2.mz	240	15	2	58	42	33.189655172413794
maze240_15_3.mz	240	15	3	99	1	5.828282828282828
maze240_15_4.mz	240	15	4	10	90	38.4
maze240_15_5.mz	240	15	5	100	0	3.61
maze240_15_6.mz	240	15	6	66	34	25.46969696969697
maze240_15_7.mz	240	15	7	22	78	38.95454545454545
maze240_15_8.mz	240	15	8	63	37	16.206349206349206
maze240_15_9.mz	240	15	9	53	47	29.20754716981132
maze240_20_0.mz	240	20	0	94	6	11.03191489361702
maze240_20_1.mz	240	20	1	92	8	7.6521739130434785
maze240_20_2.mz	240	20	2	49	51	36.63265306122449
maze240_20_3.mz	240	20	3	21	79	40.0
maze240_20_4.mz	240	20	4	19	81	40.31578947368421
maze240_20_5.mz	240	20	5	85	15	15.51764705882353
maze240_20_6.mz	240	20	6	40	60	39.025
maze240_20_7.mz	240	20	7	58	42	21.03448275862069
maze240_20_8.mz	240	20	8	2	98	81.5
maze240_20_9.mz	240	20	9	31	69	31.806451612903224
maze250_5_0.mz	250	5	0	4	96	48.0
maze250_5_1.mz	250	5	1	3	97	59.333333333333336
maze250_5_2.mz	250	5	2	6	94	27.5
maze250_5_3.mz	250	5	3	0	100	NaN
maze250_5_4.mz	250	5	4	27	73	43.0
maze250_5_5.mz	250	5	5	2	98	67.5
maze250_5_6.mz	250	5	6	13	87	45.76923076923077
maze250_5_7.mz	250	5	7	1	99	22.0
maze250_5_8.mz	250	5	8	0	100	NaN
maze250_5_9.mz	250	5	9	36	64	42.02777777777778
maze250_10_0.mz	250	10	0	1	99	99.0
maze250_10_1.mz	250	10	1	95	5	12.063157894736841
maze250_10_2.mz	250	10	2	3	97	57.666666666666664
maze250_10_3.mz	250	10	3	27	73	30.88888888888889
maze250_10_4.mz	250	10	4	41	59	33.36585365853659
maze250_10_5.mz	250	10	5	39	61	39.8974358974359
maze250_10_6.mz	250	10	6	58	42	26.896551724137932
maze250_10_7.mz	250	10	7	5	95	52.4
maze250_10_8.mz	250	10	8	18	82	35.44444444444444
maze250_10_9.mz	250	10	9	74	26	26.18918918918919
maze260_5_0.mz	260	5	0	2	98	36.5
maze260_5_1.mz	260	5	1	0	100	NaN
maze260_5_2.mz	260	5	2	1	99	41.0
maze260_5_3.mz	260	5	3	27	73	41.333333333333336
maze260_5_4.mz	260	5	4	19	81	33.526315789473685
maze260_5_5.mz	260	5	5	41	59	35.73170731707317
maze260_5_6.mz	260	5	6	39	61	40.92307692307692
maze260_5_7.mz	260	5	7	18	82	36.5
maze260_5_8.mz	260	5	8	75	25	22.053333333333335
maze260_5_9.mz	260	5	9	1	99	75.0
maze260_10_0.mz	260	10	0	1	99	39.0
maze260_10_1.mz	260	10	1	8	92	34.75
maze260_10_2.mz	260	10	2	30	70	35.0
maze260_10_3.mz	260	10	3	13	87	34.69230769230769
maze260_10_4.mz	260	10	4	8	92	55.625
maze260_10_5.mz	260	10	5	51	49	27.137254901960784
maze260_10_6.mz	260	10	6	30	70	45.46666666666667
maze260_10_7.mz	260	10	7	11	89	45.90909090909091
maze260_10_8.mz	260	10	8	2	98	55.0
maze260_10_9.mz	260	10	9	0	100	NaN
maze260_20_0.mz	260	20	0	42	58	36.833333333333336
maze260_20_1.mz	260	20	1	18	82	40.0
maze260_20_2.mz	260	20	2	50	50	32.52
maze260_20_3.mz	260	20	3	4	96	80.25
maze260_20_4.mz	260	20	4	67	33	21.582089552238806
maze260_20_5.mz	260	20	5	3	97	46.0
maze260_20_6.mz	260	20	6	14	86	45.714285714285715
maze260_20_7.mz	260	20	7	28	72	31.357142857142858
maze260_20_8.mz	260	20	8	89	11	15.191011235955056
maze260_20_9.mz	260	20	9	67	33	26.52238805970149
maze270_5_0.mz	270	5	0	0	100	NaN
maze270_5_1.mz	270	5	1	2	98	15.0
maze270_5_2.mz	270	5	2	0	100	NaN
maze270_5_3.mz	270	5	3	2	98	34.5
maze270_5_4.mz	270	5	4	4	96	35.25
maze270_5_5.mz	270	5	5	1	99	32.0
maze270_5_6.mz	270	5	6	0	100	NaN
maze270_5_7.mz	270	5	7	29	71	46.93103448275862
maze270_5_8.mz	270	5	8	3	97	54.333333333333336
maze270_5_9.mz	270	5	9	0	100	NaN
maze270_10_0.mz	270	10	0	3	97	46.333333333333336
maze270_10_1.mz	270	10	1	93	7	10.096774193548388
maze270_10_2.mz	270	10	2	47	53	26.04255319148936
maze270_10_3.mz	270	10	3	35	65	45.6
maze270_10_4.mz	270	10	4	19	81	42.578947368421055
maze270_10_5.mz	270	10	5	3	97	35.666666666666664
maze270_10_6.mz	270	10	6	15	85	48.333333333333336
maze270_10_7.mz	270	10	7	21	79	41.666666666666664
maze270_10_8.mz	270	10	8	33	67	39.39393939393939
maze270_10_9.mz	270	10	9	2	98	85.0
maze270_15_0.mz	270	15	0	49	51	31.755102040816325
maze270_15_1.mz	270	15	1	18	82	36.166666666666664
maze270_15_2.mz	270	15	2	97	3	5.061855670103093
maze270_15_3.mz	270	15	3	1	99	18.0
maze270_15_4.mz	270	15	4	67	33	25.26865671641791
maze270_15_5.mz	270	15	5	21	79	39.57142857142857
maze270_15_6.mz	270	15	6	23	77	51.56521739130435
maze270_15_7.mz	270	15	7	7	93	53.57142857142857
maze270_15_8.mz	270	15	8	69	31	31.159420289855074
maze270_15_9.mz	270	15	9	26	74	44.53846153846154
maze280_5_0.mz	280	5	0	0	100	NaN
maze280_5_1.mz	280	5	1	10	90	43.1
maze280_5_2.mz	280	5	2	1	99	0.0
maze280_5_3.mz	280	5	3	7	93	57.857142857142854
maze280_5_4.mz	280	5	4	0	100	NaN
maze280_5_5.mz	280	5	5	2	98	49.0
maze280_5_6.mz	280	5	6	7	93	35.0
maze280_5_7.mz	280	5	7	27	73	28.62962962962963
maze280_5_8.mz	280	5	8	2	98	50.5
maze280_5_9.mz	280	5	9	0	100	NaN
maze280_10_0.mz	280	10	0	43	57	34.093023255813954
maze280_10_1.mz	280	10	1	64	36	24.171875
maze280_10_2.mz	280	10	2	14	86	51.857142857142854
maze280_10_3.mz	280	10	3	29	71	44.58620689655172
maze280_10_4.mz	280	10	4	16	84	25.75
maze280_10_5.mz	280	10	5	17	83	34.88235294117647
maze280_10_6.mz	280	10	6	25	75	36.24
maze280_10_7.mz	280	10	7	3	97	48.0
maze280_10_8.mz	280	10	8	11	89	43.27272727272727
maze280_10_9.mz	280	10	9	22	78	25.772727272727273
maze280_20_0.mz	280	20	0	3	97	17.333333333333332
maze280_20_1.mz	280	20	1	16	84	41.25
maze280_20_2.mz	280	20	2	92	8	14.608695652173912
maze280_20_3.mz	280	20	3	6	94	47.333333333333336
maze280_20_4.mz	280	20	4	2	98	49.5
maze280_20_5.mz	280	20	5	88	12	13.568181818181818
maze280_20_6.mz	280	20	6	11	89	50.81818181818182
maze280_20_7.mz	280	20	7	2	98	79.0
maze280_20_8.mz	280	20	8	5	95	31.6
maze280_20_9.mz	280	20	9	98	2	4.469387755102041
maze290_5_0.mz	290	5	0	0	100	NaN
maze290_5_1.mz	290	5	1	1	99	61.0
maze290_5_2.mz	290	5	2	0	100	NaN
maze290_5_3.mz	290	5	3	2	98	76.5
maze290_5_4.mz	290	5	4	4	96	62.75
maze290_5_5.mz	290	5	5	3	97	31.333333333333332
maze290_5_6.mz	290	5	6	1	99	88.0
maze290_5_7.mz	290	5	7	76	24	26.039473684210527
maze290_5_8.mz	290	5	8	4	96	58.0
maze290_5_9.mz	290	5	9	0	100	NaN
maze290_10_0.mz	290	10	0	41	59	25.4390243902439
maze290_10_1.mz	290	10	1	43	57	37.95348837209303
maze290_10_2.mz	290	10	2	22	78	41.90909090909091
maze290_10_3.mz	290	10	3	29	71	42.96551724137931
maze290_10_4.mz	290	10	4	15	85	39.4
maze290_10_5.mz	290	10	5	67	33	21.64179104477612
maze290_10_6.mz	290	10	6	1	99	5.0
maze290_10_7.mz	290	10	7	63	37	26.22222222222222
maze290_10_8.mz	290	10	8	58	42	31.413793103448278
maze290_10_9.mz	290	10	9	55	45	24.763636363636362
maze300_5_0.mz	300	5	0	0	100	NaN
maze300_5_1.mz	300	5	1	30	70	44.13333333333333
maze300_5_2.mz	300	5	2	1	99	19.0
maze300_5_3.mz	300	5	3	0	100	NaN
maze300_5_4.mz	300	5	4	1	99	19.0
maze300_5_5.mz	300	5	5	0	100	NaN
maze300_5_6.mz	300	5	6	1	99	19.0
maze300_5_7.mz	300	5	7	0	100	NaN
maze300_5_8.mz	300	5	8	2	98	67.0
maze300_5_9.mz	300	5	9	0	100	NaN
maze300_10_0.mz	300	10	0	27	73	31.62962962962963
maze300_10_1.mz	300	10	1	82	18	24.28048780487805
maze300_10_2.mz	300	10	2	2	98	51.0
maze300_10_3.mz	300	10	3	61	39	28.229508196721312
maze300_10_4.mz	300	10	4	8	92	45.625
maze300_10_5.mz	300	10	5	14	86	48.07142857142857
maze300_10_6.mz	300	10	6	12	88	45.25
maze300_10_7.mz	300	10	7	40	60	40.825
maze300_10_8.mz	300	10	8	100	0	2.72
maze300_10_9.mz	300	10	9	12	88	35.166666666666664
maze300_15_0.mz	300	15	0	46	54	29.043478260869566
maze300_15_1.mz	300	15	1	67	33	18.671641791044777
maze300_15_2.mz	300	15	2	98	2	7.091836734693878
maze300_15_3.mz	300	15	3	17	83	38.35294117647059
maze300_15_4.mz	300	15	4	19	81	34.63157894736842
maze300_15_5.mz	300	15	5	0	100	NaN
maze300_15_6.mz	300	15	6	86	14	15.837209302325581
maze300_15_7.mz	300	15	7	59	41	23.47457627118644
maze300_15_8.mz	300	15	8	66	34	26.484848484848484
maze300_15_9.mz	300	15	9	2	98	40.5
maze300_20_0.mz	300	20	0	96	4	10.333333333333334
maze300_20_1.mz	300	20	1	38	62	36.6578947368421
maze300_20_2.mz	300	20	2	0	100	NaN
maze300_20_3.mz	300	20	3	28	72	34.392857142857146
maze300_20_4.mz	300	20	4	22	78	30.59090909090909
maze300_20_5.mz	300	20	5	57	43	35.96491228070175
maze300_20_6.mz	300	20	6	12	88	34.083333333333336
maze300_20_7.mz	300	20	7	90	10	19.633333333333333
maze300_20_8.mz	300	20	8	7	93	33.857142857142854
maze300_20_9.mz	300	20	9	17	83	33.05882352941177