Mode XML Parameters
ACO
maxNumIterations	50
pheromonesEvaporationRate	0.65
alpha	0.85
beta	0.85
numberOfAnts	15
GA
geneType	Simple
maxNumIterations	35
eliteNumber	0
mutationRate	0.05
crossoverRate	0.6
EVA
acoImportance	0.5
agImportance	0.5
Maze	dimension	col	#	#ok	#no	avg ok
maze20_5_0.mz	20	5	0	100	0	0.47
maze20_5_1.mz	20	5	1	100	0	0.12
maze20_5_2.mz	20	5	2	100	0	0.01
maze20_5_3.mz	20	5	3	100	0	0.56
maze20_5_4.mz	20	5	4	100	0	0.18
maze20_5_5.mz	20	5	5	100	0	0.01
maze20_5_6.mz	20	5	6	100	0	1.68
maze20_5_7.mz	20	5	7	100	0	0.0
maze20_5_8.mz	20	5	8	100	0	0.01
maze20_5_9.mz	20	5	9	100	0	0.52
maze20_10_0.mz	20	10	0	100	0	0.12
maze20_10_1.mz	20	10	1	100	0	0.0
maze20_10_2.mz	20	10	2	100	0	0.8
maze20_10_3.mz	20	10	3	100	0	0.0
maze20_10_4.mz	20	10	4	100	0	0.42
maze20_10_5.mz	20	10	5	100	0	2.45
maze20_10_6.mz	20	10	6	100	0	0.63
maze20_10_7.mz	20	10	7	100	0	0.08
maze20_10_8.mz	20	10	8	100	0	0.8
maze20_10_9.mz	20	10	9	100	0	0.09
maze30_5_0.mz	30	5	0	100	0	1.28
maze30_5_1.mz	30	5	1	100	0	3.9
maze30_5_2.mz	30	5	2	100	0	4.69
maze30_5_3.mz	30	5	3	100	0	0.01
maze30_5_4.mz	30	5	4	100	0	0.09
maze30_5_5.mz	30	5	5	100	0	1.71
maze30_5_6.mz	30	5	6	100	0	0.81
maze30_5_7.mz	30	5	7	100	0	0.7
maze30_5_8.mz	30	5	8	100	0	2.26
maze30_5_9.mz	30	5	9	100	0	0.53
maze30_10_0.mz	30	10	0	100	0	0.14
maze30_10_1.mz	30	10	1	100	0	0.01
maze30_10_2.mz	30	10	2	100	0	4.53
maze30_10_3.mz	30	10	3	100	0	1.2
maze30_10_4.mz	30	10	4	100	0	0.03
maze30_10_5.mz	30	10	5	100	0	0.39
maze30_10_6.mz	30	10	6	100	0	0.31
maze30_10_7.mz	30	10	7	99	1	3.414141414141414
maze30_10_8.mz	30	10	8	100	0	2.01
maze30_10_9.mz	30	10	9	100	0	0.34
maze30_15_0.mz	30	15	0	100	0	0.23
maze30_15_1.mz	30	15	1	100	0	0.37
maze30_15_2.mz	30	15	2	100	0	0.12
maze30_15_3.mz	30	15	3	100	0	1.26
maze30_15_4.mz	30	15	4	100	0	2.56
maze30_15_5.mz	30	15	5	100	0	2.38
maze30_15_6.mz	30	15	6	100	0	1.76
maze30_15_7.mz	30	15	7	100	0	0.36
maze30_15_8.mz	30	15	8	98	2	3.2142857142857144
maze30_15_9.mz	30	15	9	97	3	6.154639175257732
maze40_5_0.mz	40	5	0	95	5	8.094736842105263
maze40_5_1.mz	40	5	1	93	7	6.78494623655914
maze40_5_2.mz	40	5	2	100	0	0.02
maze40_5_3.mz	40	5	3	100	0	0.07
maze40_5_4.mz	40	5	4	100	0	1.46
maze40_5_5.mz	40	5	5	100	0	1.69
maze40_5_6.mz	40	5	6	100	0	1.45
maze40_5_7.mz	40	5	7	100	0	3.95
maze40_5_8.mz	40	5	8	100	0	0.3
maze40_5_9.mz	40	5	9	100	0	0.3
maze40_10_0.mz	40	10	0	100	0	2.82
maze40_10_1.mz	40	10	1	100	0	0.97
maze40_10_2.mz	40	10	2	100	0	0.06
maze40_10_3.mz	40	10	3	100	0	0.57
maze40_10_4.mz	40	10	4	99	1	1.8585858585858586
maze40_10_5.mz	40	10	5	100	0	0.51
maze40_10_6.mz	40	10	6	99	1	2.3838383838383836
maze40_10_7.mz	40	10	7	100	0	2.06
maze40_10_8.mz	40	10	8	100	0	1.54
maze40_10_9.mz	40	10	9	100	0	0.97
maze40_20_0.mz	40	20	0	91	9	5.637362637362638
maze40_20_1.mz	40	20	1	97	3	6.701030927835052
maze40_20_2.mz	40	20	2	100	0	1.44
maze40_20_3.mz	40	20	3	100	0	1.81
maze40_20_4.mz	40	20	4	88	12	10.034090909090908
maze40_20_5.mz	40	20	5	99	1	1.606060606060606
maze40_20_6.mz	40	20	6	100	0	0.57
maze40_20_7.mz	40	20	7	100	0	0.41
maze40_20_8.mz	40	20	8	100	0	0.24
maze40_20_9.mz	40	20	9	99	1	3.3333333333333335
maze50_5_0.mz	50	5	0	99	1	5.03030303030303
maze50_5_1.mz	50	5	1	100	0	3.39
maze50_5_2.mz	50	5	2	97	3	8.68041237113402
maze50_5_3.mz	50	5	3	100	0	2.74
maze50_5_4.mz	50	5	4	100	0	0.0
maze50_5_5.mz	50	5	5	99	1	3.3737373737373737
maze50_5_6.mz	50	5	6	100	0	2.2
maze50_5_7.mz	50	5	7	100	0	5.27
maze50_5_8.mz	50	5	8	77	23	8.883116883116884
maze50_5_9.mz	50	5	9	97	3	5.103092783505154
maze50_10_0.mz	50	10	0	95	5	7.905263157894737
maze50_10_1.mz	50	10	1	100	0	1.0
maze50_10_2.mz	50	10	2	100	0	1.84
maze50_10_3.mz	50	10	3	100	0	6.82
maze50_10_4.mz	50	10	4	100	0	0.36
maze50_10_5.mz	50	10	5	100	0	0.54
maze50_10_6.mz	50	10	6	100	0	0.46
maze50_10_7.mz	50	10	7	100	0	0.83
maze50_10_8.mz	50	10	8	85	15	12.48235294117647
maze50_10_9.mz	50	10	9	99	1	0.9797979797979798
maze60_5_0.mz	60	5	0	100	0	3.35
maze60_5_1.mz	60	5	1	100	0	2.76
maze60_5_2.mz	60	5	2	100	0	3.89
maze60_5_3.mz	60	5	3	84	16	11.797619047619047
maze60_5_4.mz	60	5	4	100	0	0.01
maze60_5_5.mz	60	5	5	98	2	4.571428571428571
maze60_5_6.mz	60	5	6	100	0	0.29
maze60_5_7.mz	60	5	7	87	13	9.689655172413794
maze60_5_8.mz	60	5	8	98	2	4.714285714285714
maze60_5_9.mz	60	5	9	100	0	1.2
maze60_10_0.mz	60	10	0	100	0	2.74
maze60_10_1.mz	60	10	1	97	3	5.762886597938144
maze60_10_2.mz	60	10	2	100	0	1.95
maze60_10_3.mz	60	10	3	99	1	2.272727272727273
maze60_10_4.mz	60	10	4	100	0	0.65
maze60_10_5.mz	60	10	5	99	1	5.202020202020202
maze60_10_6.mz	60	10	6	97	3	4.824742268041237
maze60_10_7.mz	60	10	7	100	0	1.36
maze60_10_8.mz	60	10	8	95	5	7.273684210526316
maze60_10_9.mz	60	10	9	100	0	2.68
maze60_15_0.mz	60	15	0	100	0	2.75
maze60_15_1.mz	60	15	1	83	17	8.698795180722891
maze60_15_2.mz	60	15	2	100	0	1.26
maze60_15_3.mz	60	15	3	100	0	0.44
maze60_15_4.mz	60	15	4	100	0	0.91
maze60_15_5.mz	60	15	5	76	24	12.789473684210526
maze60_15_6.mz	60	15	6	74	26	13.797297297297296
maze60_15_7.mz	60	15	7	100	0	0.06
maze60_15_8.mz	60	15	8	98	2	5.336734693877551
maze60_15_9.mz	60	15	9	91	9	8.89010989010989
maze60_20_0.mz	60	20	0	100	0	0.31
maze60_20_1.mz	60	20	1	99	1	4.3232323232323235
maze60_20_2.mz	60	20	2	73	27	12.36986301369863
maze60_20_3.mz	60	20	3	100	0	0.92
maze60_20_4.mz	60	20	4	94	6	6.9787234042553195
maze60_20_5.mz	60	20	5	99	1	3.4343434343434343
maze60_20_6.mz	60	20	6	79	21	12.341772151898734
maze60_20_7.mz	60	20	7	99	1	4.333333333333333
maze60_20_8.mz	60	20	8	83	17	7.566265060240964
maze60_20_9.mz	60	20	9	98	2	5.724489795918367
maze70_5_0.mz	70	5	0	98	2	6.520408163265306
maze70_5_1.mz	70	5	1	100	0	2.8
maze70_5_2.mz	70	5	2	100	0	1.82
maze70_5_3.mz	70	5	3	96	4	6.34375
maze70_5_4.mz	70	5	4	100	0	2.67
maze70_5_5.mz	70	5	5	88	12	9.534090909090908
maze70_5_6.mz	70	5	6	100	0	0.1
maze70_5_7.mz	70	5	7	99	1	4.797979797979798
maze70_5_8.mz	70	5	8	99	1	5.282828282828283
maze70_5_9.mz	70	5	9	63	37	15.365079365079366
maze70_10_0.mz	70	10	0	100	0	5.8
maze70_10_1.mz	70	10	1	100	0	1.87
maze70_10_2.mz	70	10	2	99	1	6.1313131313131315
maze70_10_3.mz	70	10	3	100	0	0.99
maze70_10_4.mz	70	10	4	87	13	11.632183908045977
maze70_10_5.mz	70	10	5	100	0	3.06
maze70_10_6.mz	70	10	6	100	0	0.11
maze70_10_7.mz	70	10	7	100	0	0.48
maze70_10_8.mz	70	10	8	100	0	0.69
maze70_10_9.mz	70	10	9	99	1	5.8686868686868685
maze80_5_0.mz	80	5	0	98	2	5.357142857142857
maze80_5_1.mz	80	5	1	97	3	4.525773195876289
maze80_5_2.mz	80	5	2	100	0	6.43
maze80_5_3.mz	80	5	3	93	7	8.548387096774194
maze80_5_4.mz	80	5	4	100	0	0.19
maze80_5_5.mz	80	5	5	89	11	11.382022471910112
maze80_5_6.mz	80	5	6	89	11	10.853932584269662
maze80_5_7.mz	80	5	7	78	22	12.474358974358974
maze80_5_8.mz	80	5	8	99	1	6.787878787878788
maze80_5_9.mz	80	5	9	87	13	10.517241379310345
maze80_10_0.mz	80	10	0	36	64	22.083333333333332
maze80_10_1.mz	80	10	1	97	3	5.525773195876289
maze80_10_2.mz	80	10	2	100	0	1.24
maze80_10_3.mz	80	10	3	99	1	3.5454545454545454
maze80_10_4.mz	80	10	4	88	12	10.045454545454545
maze80_10_5.mz	80	10	5	100	0	2.15
maze80_10_6.mz	80	10	6	73	27	15.287671232876713
maze80_10_7.mz	80	10	7	100	0	1.0
maze80_10_8.mz	80	10	8	98	2	4.030612244897959
maze80_10_9.mz	80	10	9	92	8	9.152173913043478
maze80_20_0.mz	80	20	0	100	0	4.15
maze80_20_1.mz	80	20	1	61	39	14.459016393442623
maze80_20_2.mz	80	20	2	99	1	1.8282828282828283
maze80_20_3.mz	80	20	3	81	19	12.654320987654321
maze80_20_4.mz	80	20	4	100	0	3.47
maze80_20_5.mz	80	20	5	95	5	7.157894736842105
maze80_20_6.mz	80	20	6	86	14	9.965116279069768
maze80_20_7.mz	80	20	7	60	40	18.15
maze80_20_8.mz	80	20	8	90	10	8.555555555555555
maze80_20_9.mz	80	20	9	33	67	14.878787878787879
maze90_5_0.mz	90	5	0	77	23	13.402597402597403
maze90_5_1.mz	90	5	1	5	95	24.8
maze90_5_2.mz	90	5	2	95	5	7.389473684210526
maze90_5_3.mz	90	5	3	82	18	11.74390243902439
maze90_5_4.mz	90	5	4	99	1	4.232323232323233
maze90_5_5.mz	90	5	5	96	4	9.041666666666666
maze90_5_6.mz	90	5	6	100	0	2.65
maze90_5_7.mz	90	5	7	90	10	11.144444444444444
maze90_5_8.mz	90	5	8	84	16	6.690476190476191
maze90_5_9.mz	90	5	9	40	60	26.9
maze90_10_0.mz	90	10	0	100	0	2.07
maze90_10_1.mz	90	10	1	100	0	1.94
maze90_10_2.mz	90	10	2	100	0	2.97
maze90_10_3.mz	90	10	3	100	0	5.25
maze90_10_4.mz	90	10	4	100	0	5.46
maze90_10_5.mz	90	10	5	71	29	17.43661971830986
maze90_10_6.mz	90	10	6	100	0	0.73
maze90_10_7.mz	90	10	7	96	4	7.989583333333333
maze90_10_8.mz	90	10	8	93	7	6.946236559139785
maze90_10_9.mz	90	10	9	83	17	14.91566265060241
maze90_15_0.mz	90	15	0	100	0	1.06
maze90_15_1.mz	90	15	1	100	0	2.26
maze90_15_2.mz	90	15	2	100	0	1.62
maze90_15_3.mz	90	15	3	94	6	6.9787234042553195
maze90_15_4.mz	90	15	4	99	1	2.7474747474747474
maze90_15_5.mz	90	15	5	93	7	6.086021505376344
maze90_15_6.mz	90	15	6	23	77	22.17391304347826
maze90_15_7.mz	90	15	7	100	0	3.75
maze90_15_8.mz	90	15	8	100	0	0.69
maze90_15_9.mz	90	15	9	100	0	1.73
maze100_5_0.mz	100	5	0	73	27	13.219178082191782
maze100_5_1.mz	100	5	1	56	44	17.178571428571427
maze100_5_2.mz	100	5	2	18	82	16.22222222222222
maze100_5_3.mz	100	5	3	83	17	13.08433734939759
maze100_5_4.mz	100	5	4	84	16	9.678571428571429
maze100_5_5.mz	100	5	5	100	0	0.98
maze100_5_6.mz	100	5	6	95	5	7.852631578947369
maze100_5_7.mz	100	5	7	68	32	17.0
maze100_5_8.mz	100	5	8	93	7	7.67741935483871
maze100_5_9.mz	100	5	9	52	48	19.596153846153847
maze100_10_0.mz	100	10	0	98	2	7.13265306122449
maze100_10_1.mz	100	10	1	98	2	5.479591836734694
maze100_10_2.mz	100	10	2	78	22	14.73076923076923
maze100_10_3.mz	100	10	3	98	2	5.704081632653061
maze100_10_4.mz	100	10	4	100	0	0.23
maze100_10_5.mz	100	10	5	100	0	1.19
maze100_10_6.mz	100	10	6	100	0	1.89
maze100_10_7.mz	100	10	7	27	73	23.77777777777778
maze100_10_8.mz	100	10	8	100	0	1.38
maze100_10_9.mz	100	10	9	35	65	20.02857142857143
maze100_20_0.mz	100	20	0	100	0	1.19
maze100_20_1.mz	100	20	1	56	44	16.446428571428573
maze100_20_2.mz	100	20	2	76	24	13.210526315789474
maze100_20_3.mz	100	20	3	94	6	6.627659574468085
maze100_20_4.mz	100	20	4	84	16	12.297619047619047
maze100_20_5.mz	100	20	5	74	26	16.43243243243243
maze100_20_6.mz	100	20	6	72	28	13.930555555555555
maze100_20_7.mz	100	20	7	85	15	12.847058823529412
maze100_20_8.mz	100	20	8	100	0	0.14
maze100_20_9.mz	100	20	9	49	51	17.306122448979593
maze110_5_0.mz	110	5	0	62	38	21.983870967741936
maze110_5_1.mz	110	5	1	97	3	4.185567010309279
maze110_5_2.mz	110	5	2	52	48	19.21153846153846
maze110_5_3.mz	110	5	3	43	57	19.953488372093023
maze110_5_4.mz	110	5	4	77	23	16.68831168831169
maze110_5_5.mz	110	5	5	77	23	12.025974025974026
maze110_5_6.mz	110	5	6	98	2	5.357142857142857
maze110_5_7.mz	110	5	7	37	63	18.81081081081081
maze110_5_8.mz	110	5	8	70	30	14.6
maze110_5_9.mz	110	5	9	85	15	10.31764705882353
maze110_10_0.mz	110	10	0	100	0	0.3
maze110_10_1.mz	110	10	1	98	2	6.948979591836735
maze110_10_2.mz	110	10	2	100	0	3.07
maze110_10_3.mz	110	10	3	97	3	4.329896907216495
maze110_10_4.mz	110	10	4	6	94	24.166666666666668
maze110_10_5.mz	110	10	5	100	0	2.07
maze110_10_6.mz	110	10	6	93	7	8.946236559139784
maze110_10_7.mz	110	10	7	59	41	16.10169491525424
maze110_10_8.mz	110	10	8	92	8	10.184782608695652
maze110_10_9.mz	110	10	9	72	28	12.847222222222221
maze120_5_0.mz	120	5	0	1	99	19.0
maze120_5_1.mz	120	5	1	62	38	15.935483870967742
maze120_5_2.mz	120	5	2	25	75	15.12
maze120_5_3.mz	120	5	3	52	48	16.98076923076923
maze120_5_4.mz	120	5	4	97	3	4.690721649484536
maze120_5_5.mz	120	5	5	48	52	14.583333333333334
maze120_5_6.mz	120	5	6	76	24	11.223684210526315
maze120_5_7.mz	120	5	7	74	26	15.594594594594595
maze120_5_8.mz	120	5	8	90	10	12.28888888888889
maze120_5_9.mz	120	5	9	94	6	8.414893617021276
maze120_10_0.mz	120	10	0	100	0	1.89
maze120_10_1.mz	120	10	1	88	12	9.420454545454545
maze120_10_2.mz	120	10	2	99	1	5.515151515151516
maze120_10_3.mz	120	10	3	100	0	1.94
maze120_10_4.mz	120	10	4	96	4	4.291666666666667
maze120_10_5.mz	120	10	5	99	1	3.0202020202020203
maze120_10_6.mz	120	10	6	96	4	5.010416666666667
maze120_10_7.mz	120	10	7	100	0	1.06
maze120_10_8.mz	120	10	8	49	51	15.489795918367347
maze120_10_9.mz	120	10	9	96	4	4.989583333333333
maze120_15_0.mz	120	15	0	98	2	3.2857142857142856
maze120_15_1.mz	120	15	1	84	16	14.357142857142858
maze120_15_2.mz	120	15	2	86	14	8.255813953488373
maze120_15_3.mz	120	15	3	100	0	1.77
maze120_15_4.mz	120	15	4	100	0	0.97
maze120_15_5.mz	120	15	5	80	20	11.3625
maze120_15_6.mz	120	15	6	93	7	8.290322580645162
maze120_15_7.mz	120	15	7	88	12	6.8522727272727275
maze120_15_8.mz	120	15	8	72	28	11.25
maze120_15_9.mz	120	15	9	32	68	20.03125
maze120_20_0.mz	120	20	0	94	6	9.117021276595745
maze120_20_1.mz	120	20	1	100	0	2.55
maze120_20_2.mz	120	20	2	100	0	4.27
maze120_20_3.mz	120	20	3	89	11	12.426966292134832
maze120_20_4.mz	120	20	4	52	48	14.307692307692308
maze120_20_5.mz	120	20	5	94	6	7.638297872340425
maze120_20_6.mz	120	20	6	54	46	14.907407407407407
maze120_20_7.mz	120	20	7	42	58	21.666666666666668
maze120_20_8.mz	120	20	8	90	10	11.311111111111112
maze120_20_9.mz	120	20	9	90	10	7.4222222222222225
maze130_5_0.mz	130	5	0	80	20	14.425
maze130_5_1.mz	130	5	1	100	0	1.56
maze130_5_2.mz	130	5	2	93	7	10.172043010752688
maze130_5_3.mz	130	5	3	28	72	22.0
maze130_5_4.mz	130	5	4	94	6	9.75531914893617
maze130_5_5.mz	130	5	5	97	3	5.639175257731959
maze130_5_6.mz	130	5	6	95	5	7.347368421052631
maze130_5_7.mz	130	5	7	100	0	3.71
maze130_5_8.mz	130	5	8	32	68	17.90625
maze130_5_9.mz	130	5	9	31	69	20.419354838709676
maze130_10_0.mz	130	10	0	95	5	6.957894736842105
maze130_10_1.mz	130	10	1	97	3	5.639175257731959
maze130_10_2.mz	130	10	2	88	12	8.818181818181818
maze130_10_3.mz	130	10	3	100	0	3.37
maze130_10_4.mz	130	10	4	100	0	1.65
maze130_10_5.mz	130	10	5	98	2	5.938775510204081
maze130_10_6.mz	130	10	6	80	20	13.3625
maze130_10_7.mz	130	10	7	99	1	3.3838383838383836
maze130_10_8.mz	130	10	8	84	16	11.380952380952381
maze130_10_9.mz	130	10	9	99	1	5.111111111111111
maze140_5_0.mz	140	5	0	40	60	21.675
maze140_5_1.mz	140	5	1	75	25	10.573333333333334
maze140_5_2.mz	140	5	2	80	20	12.325
maze140_5_3.mz	140	5	3	46	54	20.456521739130434
maze140_5_4.mz	140	5	4	83	17	12.060240963855422
maze140_5_5.mz	140	5	5	75	25	12.52
maze140_5_6.mz	140	5	6	56	44	16.285714285714285
maze140_5_7.mz	140	5	7	24	76	19.875
maze140_5_8.mz	140	5	8	78	22	15.833333333333334
maze140_5_9.mz	140	5	9	74	26	12.81081081081081
maze140_10_0.mz	140	10	0	19	81	23.842105263157894
maze140_10_1.mz	140	10	1	100	0	1.03
maze140_10_2.mz	140	10	2	99	1	2.4646464646464645
maze140_10_3.mz	140	10	3	58	42	16.56896551724138
maze140_10_4.mz	140	10	4	26	74	14.961538461538462
maze140_10_5.mz	140	10	5	100	0	2.67
maze140_10_6.mz	140	10	6	37	63	17.7027027027027
maze140_10_7.mz	140	10	7	100	0	1.74
maze140_10_8.mz	140	10	8	98	2	4.438775510204081
maze140_10_9.mz	140	10	9	93	7	7.21505376344086
maze140_20_0.mz	140	20	0	77	23	14.168831168831169
maze140_20_1.mz	140	20	1	31	69	21.451612903225808
maze140_20_2.mz	140	20	2	56	44	17.714285714285715
maze140_20_3.mz	140	20	3	48	52	19.395833333333332
maze140_20_4.mz	140	20	4	79	21	11.30379746835443
maze140_20_5.mz	140	20	5	100	0	4.05
maze140_20_6.mz	140	20	6	66	34	18.242424242424242
maze140_20_7.mz	140	20	7	79	21	15.316455696202532
maze140_20_8.mz	140	20	8	42	58	19.523809523809526
maze140_20_9.mz	140	20	9	81	19	12.444444444444445
maze150_5_0.mz	150	5	0	45	55	19.733333333333334
maze150_5_1.mz	150	5	1	88	12	11.784090909090908
maze150_5_2.mz	150	5	2	14	86	26.357142857142858
maze150_5_3.mz	150	5	3	64	36	15.828125
maze150_5_4.mz	150	5	4	3	97	3.6666666666666665
maze150_5_5.mz	150	5	5	90	10	10.088888888888889
maze150_5_6.mz	150	5	6	30	70	22.7
maze150_5_7.mz	150	5	7	2	98	21.5
maze150_5_8.mz	150	5	8	71	29	11.380281690140846
maze150_5_9.mz	150	5	9	24	76	21.041666666666668
maze150_10_0.mz	150	10	0	78	22	10.08974358974359
maze150_10_1.mz	150	10	1	22	78	15.318181818181818
maze150_10_2.mz	150	10	2	31	69	22.70967741935484
maze150_10_3.mz	150	10	3	100	0	3.97
maze150_10_4.mz	150	10	4	75	25	18.573333333333334
maze150_10_5.mz	150	10	5	100	0	3.29
maze150_10_6.mz	150	10	6	95	5	8.736842105263158
maze150_10_7.mz	150	10	7	55	45	18.945454545454545
maze150_10_8.mz	150	10	8	55	45	13.818181818181818
maze150_10_9.mz	150	10	9	69	31	17.028985507246375
maze150_15_0.mz	150	15	0	25	75	23.12
maze150_15_1.mz	150	15	1	96	4	6.947916666666667
maze150_15_2.mz	150	15	2	88	12	9.738636363636363
maze150_15_3.mz	150	15	3	84	16	12.214285714285714
maze150_15_4.mz	150	15	4	86	14	13.465116279069768
maze150_15_5.mz	150	15	5	100	0	2.58
maze150_15_6.mz	150	15	6	97	3	6.082474226804123
maze150_15_7.mz	150	15	7	99	1	6.222222222222222
maze150_15_8.mz	150	15	8	31	69	21.483870967741936
maze150_15_9.mz	150	15	9	98	2	3.8469387755102042
maze160_5_0.mz	160	5	0	56	44	15.714285714285714
maze160_5_1.mz	160	5	1	54	46	15.814814814814815
maze160_5_2.mz	160	5	2	24	76	19.583333333333332
maze160_5_3.mz	160	5	3	22	78	19.863636363636363
maze160_5_4.mz	160	5	4	46	54	17.282608695652176
maze160_5_5.mz	160	5	5	65	35	14.338461538461539
maze160_5_6.mz	160	5	6	6	94	28.5
maze160_5_7.mz	160	5	7	91	9	6.230769230769231
maze160_5_8.mz	160	5	8	17	83	21.176470588235293
maze160_5_9.mz	160	5	9	58	42	16.5
maze160_10_0.mz	160	10	0	90	10	12.966666666666667
maze160_10_1.mz	160	10	1	55	45	15.945454545454545
maze160_10_2.mz	160	10	2	99	1	2.9292929292929295
maze160_10_3.mz	160	10	3	84	16	12.702380952380953
maze160_10_4.mz	160	10	4	59	41	15.338983050847459
maze160_10_5.mz	160	10	5	7	93	18.142857142857142
maze160_10_6.mz	160	10	6	90	10	10.266666666666667
maze160_10_7.mz	160	10	7	99	1	2.202020202020202
maze160_10_8.mz	160	10	8	22	78	19.636363636363637
maze160_10_9.mz	160	10	9	69	31	14.521739130434783
maze160_20_0.mz	160	20	0	10	90	20.8
maze160_20_1.mz	160	20	1	88	12	11.147727272727273
maze160_20_2.mz	160	20	2	31	69	21.129032258064516
maze160_20_3.mz	160	20	3	53	47	14.11320754716981
maze160_20_4.mz	160	20	4	100	0	0.49
maze160_20_5.mz	160	20	5	95	5	7.347368421052631
maze160_20_6.mz	160	20	6	53	47	14.962264150943396
maze160_20_7.mz	160	20	7	17	83	26.058823529411764
maze160_20_8.mz	160	20	8	15	85	29.4
maze160_20_9.mz	160	20	9	91	9	9.571428571428571
maze170_5_0.mz	170	5	0	40	60	13.75
maze170_5_1.mz	170	5	1	53	47	17.943396226415093
maze170_5_2.mz	170	5	2	1	99	48.0
maze170_5_3.mz	170	5	3	18	82	16.88888888888889
maze170_5_4.mz	170	5	4	12	88	15.166666666666666
maze170_5_5.mz	170	5	5	7	93	16.571428571428573
maze170_5_6.mz	170	5	6	70	30	15.442857142857143
maze170_5_7.mz	170	5	7	71	29	16.464788732394368
maze170_5_8.mz	170	5	8	6	94	19.666666666666668
maze170_5_9.mz	170	5	9	15	85	15.466666666666667
maze170_10_0.mz	170	10	0	97	3	2.329896907216495
maze170_10_1.mz	170	10	1	33	67	16.151515151515152
maze170_10_2.mz	170	10	2	33	67	20.0
maze170_10_3.mz	170	10	3	2	98	12.5
maze170_10_4.mz	170	10	4	100	0	3.48
maze170_10_5.mz	170	10	5	4	96	18.5
maze170_10_6.mz	170	10	6	100	0	4.06
maze170_10_7.mz	170	10	7	58	42	14.689655172413794
maze170_10_8.mz	170	10	8	68	32	16.897058823529413
maze170_10_9.mz	170	10	9	99	1	3.101010101010101
maze180_5_0.mz	180	5	0	5	95	24.4
maze180_5_1.mz	180	5	1	11	89	25.727272727272727
maze180_5_2.mz	180	5	2	32	68	20.78125
maze180_5_3.mz	180	5	3	11	89	21.454545454545453
maze180_5_4.mz	180	5	4	0	100	NaN
maze180_5_5.mz	180	5	5	2	98	26.0
maze180_5_6.mz	180	5	6	34	66	20.941176470588236
maze180_5_7.mz	180	5	7	39	61	16.923076923076923
maze180_5_8.mz	180	5	8	1	99	16.0
maze180_5_9.mz	180	5	9	4	96	16.0
maze180_10_0.mz	180	10	0	22	78	27.863636363636363
maze180_10_1.mz	180	10	1	82	18	10.048780487804878
maze180_10_2.mz	180	10	2	47	53	19.914893617021278
maze180_10_3.mz	180	10	3	91	9	6.670329670329671
maze180_10_4.mz	180	10	4	51	49	17.137254901960784
maze180_10_5.mz	180	10	5	96	4	6.947916666666667
maze180_10_6.mz	180	10	6	96	4	5.645833333333333
maze180_10_7.mz	180	10	7	53	47	22.30188679245283
maze180_10_8.mz	180	10	8	82	18	11.804878048780488
maze180_10_9.mz	180	10	9	38	62	19.92105263157895
maze180_15_0.mz	180	15	0	0	100	NaN
maze180_15_1.mz	180	15	1	51	49	16.15686274509804
maze180_15_2.mz	180	15	2	20	80	19.65
maze180_15_3.mz	180	15	3	99	1	1.2828282828282829
maze180_15_4.mz	180	15	4	4	96	19.0
maze180_15_5.mz	180	15	5	95	5	6.631578947368421
maze180_15_6.mz	180	15	6	61	39	18.360655737704917
maze180_15_7.mz	180	15	7	87	13	10.919540229885058
maze180_15_8.mz	180	15	8	100	0	0.53
maze180_15_9.mz	180	15	9	91	9	8.285714285714286
maze180_20_0.mz	180	20	0	23	77	18.47826086956522
maze180_20_1.mz	180	20	1	19	81	15.31578947368421
maze180_20_2.mz	180	20	2	2	98	27.5
maze180_20_3.mz	180	20	3	2	98	19.0
maze180_20_4.mz	180	20	4	16	84	26.0
maze180_20_5.mz	180	20	5	55	45	16.527272727272727
maze180_20_6.mz	180	20	6	99	1	5.191919191919192
maze180_20_7.mz	180	20	7	3	97	34.666666666666664
maze180_20_8.mz	180	20	8	2	98	28.5
maze180_20_9.mz	180	20	9	35	65	20.17142857142857
maze190_5_0.mz	190	5	0	7	93	34.857142857142854
maze190_5_1.mz	190	5	1	77	23	12.467532467532468
maze190_5_2.mz	190	5	2	17	83	21.235294117647058
maze190_5_3.mz	190	5	3	46	54	16.956521739130434
maze190_5_4.mz	190	5	4	30	70	19.666666666666668
maze190_5_5.mz	190	5	5	44	56	17.818181818181817
maze190_5_6.mz	190	5	6	45	55	16.533333333333335
maze190_5_7.mz	190	5	7	15	85	17.933333333333334
maze190_5_8.mz	190	5	8	2	98	33.5
maze190_5_9.mz	190	5	9	88	12	10.318181818181818
maze190_10_0.mz	190	10	0	91	9	7.0989010989010985
maze190_10_1.mz	190	10	1	93	7	10.849462365591398
maze190_10_2.mz	190	10	2	35	65	18.97142857142857
maze190_10_3.mz	190	10	3	89	11	10.370786516853933
maze190_10_4.mz	190	10	4	0	100	NaN
maze190_10_5.mz	190	10	5	79	21	15.810126582278482
maze190_10_6.mz	190	10	6	10	90	26.5
maze190_10_7.mz	190	10	7	100	0	0.71
maze190_10_8.mz	190	10	8	1	99	15.0
maze190_10_9.mz	190	10	9	31	69	17.161290322580644
maze200_5_0.mz	200	5	0	0	100	NaN
maze200_5_1.mz	200	5	1	16	84	19.3125
maze200_5_2.mz	200	5	2	11	89	17.181818181818183
maze200_5_3.mz	200	5	3	93	7	8.021505376344086
maze200_5_4.mz	200	5	4	11	89	22.272727272727273
maze200_5_5.mz	200	5	5	1	99	15.0
maze200_5_6.mz	200	5	6	29	71	17.03448275862069
maze200_5_7.mz	200	5	7	2	98	22.0
maze200_5_8.mz	200	5	8	0	100	NaN
maze200_5_9.mz	200	5	9	1	99	18.0
maze200_10_0.mz	200	10	0	35	65	18.02857142857143
maze200_10_1.mz	200	10	1	97	3	4.329896907216495
maze200_10_2.mz	200	10	2	28	72	18.428571428571427
maze200_10_3.mz	200	10	3	98	2	6.316326530612245
maze200_10_4.mz	200	10	4	100	0	6.06
maze200_10_5.mz	200	10	5	1	99	7.0
maze200_10_6.mz	200	10	6	98	2	4.744897959183674
maze200_10_7.mz	200	10	7	5	95	21.2
maze200_10_8.mz	200	10	8	91	9	9.307692307692308
maze200_10_9.mz	200	10	9	90	10	7.5
maze200_20_0.mz	200	20	0	25	75	18.04
maze200_20_1.mz	200	20	1	71	29	15.352112676056338
maze200_20_2.mz	200	20	2	65	35	14.815384615384616
maze200_20_3.mz	200	20	3	35	65	14.371428571428572
maze200_20_4.mz	200	20	4	88	12	13.568181818181818
maze200_20_5.mz	200	20	5	14	86	19.785714285714285
maze200_20_6.mz	200	20	6	99	1	4.111111111111111
maze200_20_7.mz	200	20	7	67	33	17.52238805970149
maze200_20_8.mz	200	20	8	2	98	24.0
maze200_20_9.mz	200	20	9	52	48	18.78846153846154
maze210_5_0.mz	210	5	0	0	100	NaN
maze210_5_1.mz	210	5	1	56	44	17.410714285714285
maze210_5_2.mz	210	5	2	35	65	15.942857142857143
maze210_5_3.mz	210	5	3	11	89	26.363636363636363
maze210_5_4.mz	210	5	4	2	98	21.5
maze210_5_5.mz	210	5	5	12	88	24.75
maze210_5_6.mz	210	5	6	7	93	30.0
maze210_5_7.mz	210	5	7	1	99	33.0
maze210_5_8.mz	210	5	8	76	24	11.671052631578947
maze210_5_9.mz	210	5	9	13	87	21.23076923076923
maze210_10_0.mz	210	10	0	69	31	15.202898550724637
maze210_10_1.mz	210	10	1	92	8	8.152173913043478
maze210_10_2.mz	210	10	2	24	76	22.083333333333332
maze210_10_3.mz	210	10	3	73	27	13.26027397260274
maze210_10_4.mz	210	10	4	50	50	18.8
maze210_10_5.mz	210	10	5	9	91	27.88888888888889
maze210_10_6.mz	210	10	6	64	36	16.921875
maze210_10_7.mz	210	10	7	86	14	11.569767441860465
maze210_10_8.mz	210	10	8	29	71	23.0
maze210_10_9.mz	210	10	9	70	30	12.657142857142857
maze210_15_0.mz	210	15	0	17	83	22.176470588235293
maze210_15_1.mz	210	15	1	23	77	29.17391304347826
maze210_15_2.mz	210	15	2	77	23	11.38961038961039
maze210_15_3.mz	210	15	3	57	43	14.894736842105264
maze210_15_4.mz	210	15	4	26	74	21.307692307692307
maze210_15_5.mz	210	15	5	75	25	15.96
maze210_15_6.mz	210	15	6	97	3	4.711340206185567
maze210_15_7.mz	210	15	7	98	2	5.459183673469388
maze210_15_8.mz	210	15	8	58	42	13.293103448275861
maze210_15_9.mz	210	15	9	48	52	13.5625
maze220_5_0.mz	220	5	0	14	86	21.5
maze220_5_1.mz	220	5	1	3	97	14.333333333333334
maze220_5_2.mz	220	5	2	6	94	38.833333333333336
maze220_5_3.mz	220	5	3	10	90	22.1
maze220_5_4.mz	220	5	4	6	94	15.333333333333334
maze220_5_5.mz	220	5	5	11	89	26.0
maze220_5_6.mz	220	5	6	1	99	11.0
maze220_5_7.mz	220	5	7	2	98	13.5
maze220_5_8.mz	220	5	8	5	95	27.8
maze220_5_9.mz	220	5	9	36	64	21.97222222222222
maze220_10_0.mz	220	10	0	28	72	18.75
maze220_10_1.mz	220	10	1	76	24	11.328947368421053
maze220_10_2.mz	220	10	2	19	81	22.210526315789473
maze220_10_3.mz	220	10	3	17	83	20.058823529411764
maze220_10_4.mz	220	10	4	63	37	15.634920634920634
maze220_10_5.mz	220	10	5	57	43	14.333333333333334
maze220_10_6.mz	220	10	6	10	90	17.1
maze220_10_7.mz	220	10	7	99	1	4.7272727272727275
maze220_10_8.mz	220	10	8	5	95	12.0
maze220_10_9.mz	220	10	9	11	89	16.272727272727273
maze220_20_0.mz	220	20	0	18	82	21.444444444444443
maze220_20_1.mz	220	20	1	100	0	0.19
maze220_20_2.mz	220	20	2	67	33	17.850746268656717
maze220_20_3.mz	220	20	3	55	45	17.563636363636363
maze220_20_4.mz	220	20	4	92	8	8.358695652173912
maze220_20_5.mz	220	20	5	93	7	7.139784946236559
maze220_20_6.mz	220	20	6	99	1	5.888888888888889
maze220_20_7.mz	220	20	7	69	31	14.942028985507246
maze220_20_8.mz	220	20	8	77	23	12.831168831168831
maze220_20_9.mz	220	20	9	45	55	18.57777777777778
maze230_5_0.mz	230	5	0	2	98	5.0
maze230_5_1.mz	230	5	1	7	93	23.428571428571427
maze230_5_2.mz	230	5	2	41	59	19.853658536585368
maze230_5_3.mz	230	5	3	3	97	31.666666666666668
maze230_5_4.mz	230	5	4	37	63	19.2972972972973
maze230_5_5.mz	230	5	5	10	90	17.9
maze230_5_6.mz	230	5	6	15	85	16.0
maze230_5_7.mz	230	5	7	0	100	NaN
maze230_5_8.mz	230	5	8	0	100	NaN
maze230_5_9.mz	230	5	9	0	100	NaN
maze230_10_0.mz	230	10	0	49	51	21.714285714285715
maze230_10_1.mz	230	10	1	38	62	21.13157894736842
maze230_10_2.mz	230	10	2	11	89	23.363636363636363
maze230_10_3.mz	230	10	3	73	27	11.452054794520548
maze230_10_4.mz	230	10	4	55	45	19.672727272727272
maze230_10_5.mz	230	10	5	41	59	22.365853658536587
maze230_10_6.mz	230	10	6	97	3	9.092783505154639
maze230_10_7.mz	230	10	7	100	0	3.38
maze230_10_8.mz	230	10	8	99	1	8.02020202020202
maze230_10_9.mz	230	10	9	7	93	7.857142857142857
maze240_5_0.mz	240	5	0	0	100	NaN
maze240_5_1.mz	240	5	1	1	99	37.0
maze240_5_2.mz	240	5	2	5	95	18.4
maze240_5_3.mz	240	5	3	3	97	18.666666666666668
maze240_5_4.mz	240	5	4	0	100	NaN
maze240_5_5.mz	240	5	5	51	49	18.784313725490197
maze240_5_6.mz	240	5	6	40	60	22.075
maze240_5_7.mz	240	5	7	0	100	NaN
maze240_5_8.mz	240	5	8	34	66	19.794117647058822
maze240_5_9.mz	240	5	9	8	92	33.875
maze240_10_0.mz	240	10	0	0	100	NaN
maze240_10_1.mz	240	10	1	6	94	19.166666666666668
maze240_10_2.mz	240	10	2	48	52	18.8125
maze240_10_3.mz	240	10	3	94	6	8.148936170212766
maze240_10_4.mz	240	10	4	74	26	12.756756756756756
maze240_10_5.mz	240	10	5	13	87	25.76923076923077
maze240_10_6.mz	240	10	6	49	51	15.959183673469388
maze240_10_7.mz	240	10	7	19	81	23.05263157894737
maze240_10_8.mz	240	10	8	100	0	1.45
maze240_10_9.mz	240	10	9	17	83	19.235294117647058
maze240_15_0.mz	240	15	0	100	0	5.15
maze240_15_1.mz	240	15	1	66	34	16.21212121212121
maze240_15_2.mz	240	15	2	55	45	16.163636363636364
maze240_15_3.mz	240	15	3	100	0	3.56
maze240_15_4.mz	240	15	4	10	90	20.1
maze240_15_5.mz	240	15	5	100	0	2.03
maze240_15_6.mz	240	15	6	77	23	15.103896103896103
maze240_15_7.mz	240	15	7	7	93	31.428571428571427
maze240_15_8.mz	240	15	8	48	52	16.104166666666668
maze240_15_9.mz	240	15	9	47	53	20.95744680851064
maze240_20_0.mz	240	20	0	95	5	9.221052631578948
maze240_20_1.mz	240	20	1	91	9	5.824175824175824
maze240_20_2.mz	240	20	2	57	43	20.771929824561404
maze240_20_3.mz	240	20	3	10	90	22.1
maze240_20_4.mz	240	20	4	11	89	23.272727272727273
maze240_20_5.mz	240	20	5	87	13	10.39080459770115
maze240_20_6.mz	240	20	6	31	69	17.548387096774192
maze240_20_7.mz	240	20	7	52	48	14.538461538461538
maze240_20_8.mz	240	20	8	2	98	37.0
maze240_20_9.mz	240	20	9	23	77	28.304347826086957
maze250_5_0.mz	250	5	0	0	100	NaN
maze250_5_1.mz	250	5	1	0	100	NaN
maze250_5_2.mz	250	5	2	4	96	37.25
maze250_5_3.mz	250	5	3	0	100	NaN
maze250_5_4.mz	250	5	4	24	76	18.125
maze250_5_5.mz	250	5	5	5	95	15.2
maze250_5_6.mz	250	5	6	4	96	12.5
maze250_5_7.mz	250	5	7	4	96	38.75
maze250_5_8.mz	250	5	8	0	100	NaN
maze250_5_9.mz	250	5	9	28	72	23.392857142857142
maze250_10_0.mz	250	10	0	0	100	NaN
maze250_10_1.mz	250	10	1	95	5	6.842105263157895
maze250_10_2.mz	250	10	2	2	98	21.5
maze250_10_3.mz	250	10	3	10	90	19.1
maze250_10_4.mz	250	10	4	34	66	24.823529411764707
maze250_10_5.mz	250	10	5	44	56	22.40909090909091
maze250_10_6.mz	250	10	6	62	38	17.20967741935484
maze250_10_7.mz	250	10	7	4	96	13.75
maze250_10_8.mz	250	10	8	4	96	19.75
maze250_10_9.mz	250	10	9	63	37	15.492063492063492
maze260_5_0.mz	260	5	0	2	98	14.5
maze260_5_1.mz	260	5	1	0	100	NaN
maze260_5_2.mz	260	5	2	1	99	27.0
maze260_5_3.mz	260	5	3	13	87	31.076923076923077
maze260_5_4.mz	260	5	4	6	94	7.333333333333333
maze260_5_5.mz	260	5	5	22	78	26.045454545454547
maze260_5_6.mz	260	5	6	25	75	22.04
maze260_5_7.mz	260	5	7	15	85	22.4
maze260_5_8.mz	260	5	8	62	38	14.435483870967742
maze260_5_9.mz	260	5	9	3	97	33.666666666666664
maze260_10_0.mz	260	10	0	3	97	25.666666666666668
maze260_10_1.mz	260	10	1	4	96	21.25
maze260_10_2.mz	260	10	2	25	75	20.08
maze260_10_3.mz	260	10	3	5	95	31.8
maze260_10_4.mz	260	10	4	4	96	22.5
maze260_10_5.mz	260	10	5	55	45	21.09090909090909
maze260_10_6.mz	260	10	6	19	81	24.157894736842106
maze260_10_7.mz	260	10	7	8	92	24.375
maze260_10_8.mz	260	10	8	1	99	37.0
maze260_10_9.mz	260	10	9	1	99	17.0
maze260_20_0.mz	260	20	0	36	64	17.13888888888889
maze260_20_1.mz	260	20	1	17	83	23.0
maze260_20_2.mz	260	20	2	33	67	21.96969696969697
maze260_20_3.mz	260	20	3	0	100	NaN
maze260_20_4.mz	260	20	4	77	23	11.311688311688311
maze260_20_5.mz	260	20	5	4	96	10.25
maze260_20_6.mz	260	20	6	12	88	28.0
maze260_20_7.mz	260	20	7	22	78	18.681818181818183
maze260_20_8.mz	260	20	8	91	9	9.494505494505495
maze260_20_9.mz	260	20	9	56	44	15.196428571428571
maze270_5_0.mz	270	5	0	3	97	19.0
maze270_5_1.mz	270	5	1	1	99	12.0
maze270_5_2.mz	270	5	2	0	100	NaN
maze270_5_3.mz	270	5	3	0	100	NaN
maze270_5_4.mz	270	5	4	1	99	27.0
maze270_5_5.mz	270	5	5	0	100	NaN
maze270_5_6.mz	270	5	6	0	100	NaN
maze270_5_7.mz	270	5	7	16	84	22.5
maze270_5_8.mz	270	5	8	3	97	19.666666666666668
maze270_5_9.mz	270	5	9	0	100	NaN
maze270_10_0.mz	270	10	0	0	100	NaN
maze270_10_1.mz	270	10	1	98	2	6.112244897959184
maze270_10_2.mz	270	10	2	44	56	22.522727272727273
maze270_10_3.mz	270	10	3	19	81	28.526315789473685
maze270_10_4.mz	270	10	4	13	87	20.53846153846154
maze270_10_5.mz	270	10	5	0	100	NaN
maze270_10_6.mz	270	10	6	7	93	32.42857142857143
maze270_10_7.mz	270	10	7	11	89	28.727272727272727
maze270_10_8.mz	270	10	8	19	81	23.736842105263158
maze270_10_9.mz	270	10	9	4	96	22.0
maze270_15_0.mz	270	15	0	58	42	17.844827586206897
maze270_15_1.mz	270	15	1	22	78	18.954545454545453
maze270_15_2.mz	270	15	2	98	2	3.7142857142857144
maze270_15_3.mz	270	15	3	0	100	NaN
maze270_15_4.mz	270	15	4	52	48	18.53846153846154
maze270_15_5.mz	270	15	5	11	89	19.818181818181817
maze270_15_6.mz	270	15	6	11	89	14.454545454545455
maze270_15_7.mz	270	15	7	2	98	20.5
maze270_15_8.mz	270	15	8	68	32	15.647058823529411
maze270_15_9.mz	270	15	9	20	80	19.45
maze280_5_0.mz	280	5	0	0	100	NaN
maze280_5_1.mz	280	5	1	5	95	23.2
maze280_5_2.mz	280	5	2	0	100	NaN
maze280_5_3.mz	280	5	3	2	98	5.5
maze280_5_4.mz	280	5	4	0	100	NaN
maze280_5_5.mz	280	5	5	0	100	NaN
maze280_5_6.mz	280	5	6	7	93	21.0
maze280_5_7.mz	280	5	7	26	74	26.53846153846154
maze280_5_8.mz	280	5	8	0	100	NaN
maze280_5_9.mz	280	5	9	0	100	NaN
maze280_10_0.mz	280	10	0	28	72	19.357142857142858
maze280_10_1.mz	280	10	1	52	48	16.942307692307693
maze280_10_2.mz	280	10	2	1	99	10.0
maze280_10_3.mz	280	10	3	29	71	17.517241379310345
maze280_10_4.mz	280	10	4	6	94	9.5
maze280_10_5.mz	280	10	5	17	83	20.529411764705884
maze280_10_6.mz	280	10	6	21	79	23.714285714285715
maze280_10_7.mz	280	10	7	1	99	9.0
maze280_10_8.mz	280	10	8	4	96	21.75
maze280_10_9.mz	280	10	9	11	89	30.454545454545453
maze280_20_0.mz	280	20	0	3	97	22.0
maze280_20_1.mz	280	20	1	11	89	25.454545454545453
maze280_20_2.mz	280	20	2	98	2	7.530612244897959
maze280_20_3.mz	280	20	3	4	96	27.5
maze280_20_4.mz	280	20	4	1	99	22.0
maze280_20_5.mz	280	20	5	95	5	8.063157894736841
maze280_20_6.mz	280	20	6	9	91	21.22222222222222
maze280_20_7.mz	280	20	7	0	100	NaN
maze280_20_8.mz	280	20	8	1	99	7.0
maze280_20_9.mz	280	20	9	100	0	1.44
maze290_5_0.mz	290	5	0	0	100	NaN
maze290_5_1.mz	290	5	1	0	100	NaN
maze290_5_2.mz	290	5	2	0	100	NaN
maze290_5_3.mz	290	5	3	1	99	29.0
maze290_5_4.mz	290	5	4	0	100	NaN
maze290_5_5.mz	290	5	5	1	99	31.0
maze290_5_6.mz	290	5	6	0	100	NaN
maze290_5_7.mz	290	5	7	60	40	15.433333333333334
maze290_5_8.mz	290	5	8	4	96	18.5
maze290_5_9.mz	290	5	9	1	99	35.0
maze290_10_0.mz	290	10	0	37	63	21.972972972972972
maze290_10_1.mz	290	10	1	28	72	21.285714285714285
maze290_10_2.mz	290	10	2	15	85	22.666666666666668
maze290_10_3.mz	290	10	3	23	77	17.217391304347824
maze290_10_4.mz	290	10	4	4	96	35.75
maze290_10_5.mz	290	10	5	71	29	14.028169014084508
maze290_10_6.mz	290	10	6	3	97	24.0
maze290_10_7.mz	290	10	7	67	33	16.328358208955223
maze290_10_8.mz	290	10	8	42	58	20.023809523809526
maze290_10_9.mz	290	10	9	57	43	15.807017543859649
maze300_5_0.mz	300	5	0	0	100	NaN
maze300_5_1.mz	300	5	1	17	83	18.11764705882353
maze300_5_2.mz	300	5	2	0	100	NaN
maze300_5_3.mz	300	5	3	0	100	NaN
maze300_5_4.mz	300	5	4	1	99	15.0
maze300_5_5.mz	300	5	5	0	100	NaN
maze300_5_6.mz	300	5	6	1	99	7.0
maze300_5_7.mz	300	5	7	0	100	NaN
maze300_5_8.mz	300	5	8	0	100	NaN
maze300_5_9.mz	300	5	9	0	100	NaN
maze300_10_0.mz	300	10	0	31	69	23.838709677419356
maze300_10_1.mz	300	10	1	86	14	13.325581395348838
maze300_10_2.mz	300	10	2	1	99	24.0
maze300_10_3.mz	300	10	3	62	38	16.241935483870968
maze300_10_4.mz	300	10	4	4	96	21.25
maze300_10_5.mz	300	10	5	15	85	23.0
maze300_10_6.mz	300	10	6	5	95	30.0
maze300_10_7.mz	300	10	7	16	84	23.0625
maze300_10_8.mz	300	10	8	100	0	3.02
maze300_10_9.mz	300	10	9	6	94	20.666666666666668
maze300_15_0.mz	300	15	0	41	59	22.29268292682927
maze300_15_1.mz	300	15	1	60	40	17.5
maze300_15_2.mz	300	15	2	98	2	6.071428571428571
maze300_15_3.mz	300	15	3	10	90	26.7
maze300_15_4.mz	300	15	4	10	90	19.9
maze300_15_5.mz	300	15	5	2	98	36.0
maze300_15_6.mz	300	15	6	82	18	9.695121951219512
maze300_15_7.mz	300	15	7	58	42	17.637931034482758
maze300_15_8.mz	300	15	8	77	23	13.74025974025974
maze300_15_9.mz	300	15	9	0	100	NaN
maze300_20_0.mz	300	20	0	95	5	6.831578947368421
maze300_20_1.mz	300	20	1	26	74	17.307692307692307
maze300_20_2.mz	300	20	2	1	99	41.0
maze300_20_3.mz	300	20	3	32	68	16.46875
maze300_20_4.mz	300	20	4	18	82	20.61111111111111
maze300_20_5.mz	300	20	5	46	54	19.456521739130434
maze300_20_6.mz	300	20	6	13	87	25.615384615384617
maze300_20_7.mz	300	20	7	90	10	11.011111111111111
maze300_20_8.mz	300	20	8	7	93	23.428571428571427
maze300_20_9.mz	300	20	9	16	84	20.8125
maze310_5_0.mz	310	5	0	1	99	34.0
maze310_5_1.mz	310	5	1	1	99	26.0
maze310_5_2.mz	310	5	2	1	99	7.0
maze310_5_3.mz	310	5	3	0	100	NaN
maze310_5_4.mz	310	5	4	1	99	10.0
maze310_5_5.mz	310	5	5	0	100	NaN
maze310_5_6.mz	310	5	6	2	98	14.5
maze310_5_7.mz	310	5	7	0	100	NaN
maze310_5_8.mz	310	5	8	7	93	17.857142857142858
maze310_5_9.mz	310	5	9	16	84	23.8125
maze310_10_0.mz	310	10	0	7	93	37.142857142857146
maze310_10_1.mz	310	10	1	0	100	NaN
maze310_10_2.mz	310	10	2	4	96	18.0
maze310_10_3.mz	310	10	3	17	83	25.941176470588236
maze310_10_4.mz	310	10	4	2	98	43.5
maze310_10_5.mz	310	10	5	58	42	14.068965517241379
maze310_10_6.mz	310	10	6	0	100	NaN
maze310_10_7.mz	310	10	7	15	85	19.866666666666667
maze310_10_8.mz	310	10	8	1	99	29.0
maze310_10_9.mz	310	10	9	0	100	NaN
maze320_5_0.mz	320	5	0	0	100	NaN
maze320_5_1.mz	320	5	1	2	98	22.5
maze320_5_2.mz	320	5	2	0	100	NaN
maze320_5_3.mz	320	5	3	0	100	NaN
maze320_5_4.mz	320	5	4	0	100	NaN
maze320_5_5.mz	320	5	5	0	100	NaN
maze320_5_6.mz	320	5	6	0	100	NaN
maze320_5_7.mz	320	5	7	0	100	NaN
maze320_5_8.mz	320	5	8	0	100	NaN
maze320_5_9.mz	320	5	9	10	90	26.0
maze320_10_0.mz	320	10	0	0	100	NaN
maze320_10_1.mz	320	10	1	3	97	26.0
maze320_10_2.mz	320	10	2	31	69	20.451612903225808
maze320_10_3.mz	320	10	3	0	100	NaN
maze320_10_4.mz	320	10	4	3	97	37.0
maze320_10_5.mz	320	10	5	0	100	NaN
maze320_10_6.mz	320	10	6	12	88	21.166666666666668
maze320_10_7.mz	320	10	7	0	100	NaN
maze320_10_8.mz	320	10	8	0	100	NaN
maze320_10_9.mz	320	10	9	13	87	18.692307692307693
maze320_20_0.mz	320	20	0	61	39	16.19672131147541
maze320_20_1.mz	320	20	1	20	80	21.6
maze320_20_2.mz	320	20	2	66	34	14.393939393939394
maze320_20_3.mz	320	20	3	89	11	9.707865168539326
maze320_20_4.mz	320	20	4	89	11	10.96629213483146
maze320_20_5.mz	320	20	5	1	99	23.0
maze320_20_6.mz	320	20	6	80	20	13.9125
maze320_20_7.mz	320	20	7	66	34	17.939393939393938
maze320_20_8.mz	320	20	8	32	68	18.8125
maze320_20_9.mz	320	20	9	97	3	4.876288659793815
maze330_5_0.mz	330	5	0	0	100	NaN
maze330_5_1.mz	330	5	1	0	100	NaN
maze330_5_2.mz	330	5	2	1	99	11.0
maze330_5_3.mz	330	5	3	0	100	NaN
maze330_5_4.mz	330	5	4	0	100	NaN
maze330_5_5.mz	330	5	5	3	97	27.666666666666668
maze330_5_6.mz	330	5	6	0	100	NaN
maze330_5_7.mz	330	5	7	0	100	NaN
maze330_5_8.mz	330	5	8	1	99	19.0
maze330_5_9.mz	330	5	9	0	100	NaN
maze330_10_0.mz	330	10	0	3	97	33.333333333333336
maze330_10_1.mz	330	10	1	1	99	0.0
maze330_10_2.mz	330	10	2	27	73	22.77777777777778
maze330_10_3.mz	330	10	3	91	9	6.637362637362638
maze330_10_4.mz	330	10	4	5	95	27.0
maze330_10_5.mz	330	10	5	3	97	15.0
maze330_10_6.mz	330	10	6	48	52	18.020833333333332
maze330_10_7.mz	330	10	7	15	85	19.866666666666667
maze330_10_8.mz	330	10	8	0	100	NaN
maze330_10_9.mz	330	10	9	0	100	NaN
maze330_15_0.mz	330	15	0	1	99	0.0
maze330_15_1.mz	330	15	1	0	100	NaN
maze330_15_2.mz	330	15	2	53	47	17.037735849056602
maze330_15_3.mz	330	15	3	3	97	26.333333333333332
maze330_15_4.mz	330	15	4	5	95	18.6
maze330_15_5.mz	330	15	5	68	32	13.323529411764707
maze330_15_6.mz	330	15	6	43	57	20.790697674418606
maze330_15_7.mz	330	15	7	45	55	17.955555555555556
maze330_15_8.mz	330	15	8	14	86	22.214285714285715
maze330_15_9.mz	330	15	9	76	24	14.131578947368421
maze340_5_0.mz	340	5	0	0	100	NaN
maze340_5_1.mz	340	5	1	0	100	NaN
maze340_5_2.mz	340	5	2	0	100	NaN
maze340_5_3.mz	340	5	3	0	100	NaN
maze340_5_4.mz	340	5	4	0	100	NaN
maze340_5_5.mz	340	5	5	0	100	NaN
maze340_5_6.mz	340	5	6	0	100	NaN
maze340_5_7.mz	340	5	7	3	97	19.0
