Mode XML Parameters
ACO
maxNumIterations	100
pheromonesEvaporationRate	0.65
alpha	0.85
beta	0.85
numberOfAnts	20
GA
geneType	Simple
maxNumIterations	50
eliteNumber	0
mutationRate	0.05
crossoverRate	0.6
EVA
acoImportance	0.5
agImportance	0.5
Maze	dimension	col	#	#ok	#no	avg ok
maze20_5_0.mz	20	5	0	100	0	0.22
maze20_5_1.mz	20	5	1	100	0	0.07
maze20_5_2.mz	20	5	2	100	0	0.0
maze20_5_3.mz	20	5	3	100	0	0.57
maze20_5_4.mz	20	5	4	100	0	0.03
maze20_5_5.mz	20	5	5	100	0	0.01
maze20_5_6.mz	20	5	6	100	0	1.87
maze20_5_7.mz	20	5	7	100	0	0.0
maze20_5_8.mz	20	5	8	100	0	0.0
maze20_5_9.mz	20	5	9	100	0	0.28
maze20_10_0.mz	20	10	0	100	0	0.03
maze20_10_1.mz	20	10	1	100	0	0.02
maze20_10_2.mz	20	10	2	100	0	0.87
maze20_10_3.mz	20	10	3	100	0	0.0
maze20_10_4.mz	20	10	4	100	0	0.29
maze20_10_5.mz	20	10	5	100	0	1.11
maze20_10_6.mz	20	10	6	100	0	0.28
maze20_10_7.mz	20	10	7	100	0	0.04
maze20_10_8.mz	20	10	8	100	0	0.86
maze20_10_9.mz	20	10	9	100	0	0.08
maze30_5_0.mz	30	5	0	100	0	0.67
maze30_5_1.mz	30	5	1	100	0	2.02
maze30_5_2.mz	30	5	2	99	1	4.474747474747475
maze30_5_3.mz	30	5	3	100	0	0.0
maze30_5_4.mz	30	5	4	100	0	0.06
maze30_5_5.mz	30	5	5	99	1	2.313131313131313
maze30_5_6.mz	30	5	6	100	0	0.45
maze30_5_7.mz	30	5	7	100	0	0.49
maze30_5_8.mz	30	5	8	100	0	2.02
maze30_5_9.mz	30	5	9	100	0	0.56
maze30_10_0.mz	30	10	0	100	0	0.18
maze30_10_1.mz	30	10	1	100	0	0.03
maze30_10_2.mz	30	10	2	99	1	5.303030303030303
maze30_10_3.mz	30	10	3	100	0	1.13
maze30_10_4.mz	30	10	4	100	0	0.03
maze30_10_5.mz	30	10	5	100	0	0.21
maze30_10_6.mz	30	10	6	100	0	0.26
maze30_10_7.mz	30	10	7	100	0	2.61
maze30_10_8.mz	30	10	8	100	0	2.25
maze30_10_9.mz	30	10	9	100	0	0.13
maze30_15_0.mz	30	15	0	100	0	0.09
maze30_15_1.mz	30	15	1	100	0	0.23
maze30_15_2.mz	30	15	2	100	0	0.05
maze30_15_3.mz	30	15	3	100	0	0.74
maze30_15_4.mz	30	15	4	100	0	2.37
maze30_15_5.mz	30	15	5	100	0	1.05
maze30_15_6.mz	30	15	6	100	0	1.82
maze30_15_7.mz	30	15	7	100	0	0.22
maze30_15_8.mz	30	15	8	100	0	1.95
maze30_15_9.mz	30	15	9	100	0	4.0
maze40_5_0.mz	40	5	0	97	3	8.65979381443299
maze40_5_1.mz	40	5	1	100	0	7.84
maze40_5_2.mz	40	5	2	100	0	0.0
maze40_5_3.mz	40	5	3	100	0	0.08
maze40_5_4.mz	40	5	4	100	0	1.42
maze40_5_5.mz	40	5	5	100	0	1.34
maze40_5_6.mz	40	5	6	100	0	0.86
maze40_5_7.mz	40	5	7	100	0	2.5
maze40_5_8.mz	40	5	8	100	0	0.13
maze40_5_9.mz	40	5	9	100	0	0.31
maze40_10_0.mz	40	10	0	100	0	1.77
maze40_10_1.mz	40	10	1	100	0	0.82
maze40_10_2.mz	40	10	2	100	0	0.03
maze40_10_3.mz	40	10	3	100	0	0.69
maze40_10_4.mz	40	10	4	100	0	0.94
maze40_10_5.mz	40	10	5	100	0	0.49
maze40_10_6.mz	40	10	6	100	0	1.33
maze40_10_7.mz	40	10	7	100	0	1.35
maze40_10_8.mz	40	10	8	100	0	1.07
maze40_10_9.mz	40	10	9	100	0	0.17
maze40_20_0.mz	40	20	0	100	0	6.3
maze40_20_1.mz	40	20	1	100	0	4.36
maze40_20_2.mz	40	20	2	100	0	1.5
maze40_20_3.mz	40	20	3	100	0	1.8
maze40_20_4.mz	40	20	4	98	2	8.346938775510203
maze40_20_5.mz	40	20	5	100	0	1.39
maze40_20_6.mz	40	20	6	100	0	0.17
maze40_20_7.mz	40	20	7	100	0	0.28
maze40_20_8.mz	40	20	8	100	0	0.17
maze40_20_9.mz	40	20	9	100	0	3.21
maze50_5_0.mz	50	5	0	99	1	4.97979797979798
maze50_5_1.mz	50	5	1	100	0	2.15
maze50_5_2.mz	50	5	2	100	0	7.86
maze50_5_3.mz	50	5	3	99	1	3.797979797979798
maze50_5_4.mz	50	5	4	100	0	0.0
maze50_5_5.mz	50	5	5	100	0	2.41
maze50_5_6.mz	50	5	6	100	0	2.25
maze50_5_7.mz	50	5	7	100	0	4.35
maze50_5_8.mz	50	5	8	96	4	12.427083333333334
maze50_5_9.mz	50	5	9	99	1	4.686868686868687
maze50_10_0.mz	50	10	0	100	0	7.99
maze50_10_1.mz	50	10	1	100	0	0.63
maze50_10_2.mz	50	10	2	100	0	1.37
maze50_10_3.mz	50	10	3	99	1	4.4646464646464645
maze50_10_4.mz	50	10	4	100	0	0.23
maze50_10_5.mz	50	10	5	100	0	0.53
maze50_10_6.mz	50	10	6	100	0	0.25
maze50_10_7.mz	50	10	7	100	0	0.72
maze50_10_8.mz	50	10	8	92	8	14.119565217391305
maze50_10_9.mz	50	10	9	100	0	1.14
maze60_5_0.mz	60	5	0	100	0	3.56
maze60_5_1.mz	60	5	1	100	0	4.35
maze60_5_2.mz	60	5	2	100	0	3.07
maze60_5_3.mz	60	5	3	93	7	11.78494623655914
maze60_5_4.mz	60	5	4	100	0	0.05
maze60_5_5.mz	60	5	5	98	2	4.6938775510204085
maze60_5_6.mz	60	5	6	100	0	0.37
maze60_5_7.mz	60	5	7	98	2	13.275510204081632
maze60_5_8.mz	60	5	8	100	0	5.65
maze60_5_9.mz	60	5	9	100	0	0.45
maze60_10_0.mz	60	10	0	100	0	2.16
maze60_10_1.mz	60	10	1	99	1	5.090909090909091
maze60_10_2.mz	60	10	2	100	0	1.71
maze60_10_3.mz	60	10	3	100	0	2.66
maze60_10_4.mz	60	10	4	100	0	0.18
maze60_10_5.mz	60	10	5	100	0	4.6
maze60_10_6.mz	60	10	6	99	1	3.4545454545454546
maze60_10_7.mz	60	10	7	100	0	1.0
maze60_10_8.mz	60	10	8	98	2	8.244897959183673
maze60_10_9.mz	60	10	9	100	0	3.52
maze60_15_0.mz	60	15	0	99	1	3.1818181818181817
maze60_15_1.mz	60	15	1	91	9	10.912087912087912
maze60_15_2.mz	60	15	2	100	0	1.1
maze60_15_3.mz	60	15	3	100	0	0.16
maze60_15_4.mz	60	15	4	100	0	0.54
maze60_15_5.mz	60	15	5	88	12	15.784090909090908
maze60_15_6.mz	60	15	6	93	7	19.06451612903226
maze60_15_7.mz	60	15	7	100	0	0.12
maze60_15_8.mz	60	15	8	98	2	3.795918367346939
maze60_15_9.mz	60	15	9	98	2	13.081632653061224
maze60_20_0.mz	60	20	0	100	0	0.26
maze60_20_1.mz	60	20	1	100	0	6.11
maze60_20_2.mz	60	20	2	96	4	16.697916666666668
maze60_20_3.mz	60	20	3	100	0	0.85
maze60_20_4.mz	60	20	4	100	0	4.9
maze60_20_5.mz	60	20	5	100	0	2.11
maze60_20_6.mz	60	20	6	91	9	17.45054945054945
maze60_20_7.mz	60	20	7	100	0	4.64
maze60_20_8.mz	60	20	8	98	2	11.448979591836734
maze60_20_9.mz	60	20	9	100	0	6.93
maze70_5_0.mz	70	5	0	100	0	5.3
maze70_5_1.mz	70	5	1	100	0	2.6
maze70_5_2.mz	70	5	2	100	0	0.91
maze70_5_3.mz	70	5	3	100	0	4.9
maze70_5_4.mz	70	5	4	100	0	1.32
maze70_5_5.mz	70	5	5	95	5	11.378947368421052
maze70_5_6.mz	70	5	6	100	0	0.06
maze70_5_7.mz	70	5	7	98	2	3.010204081632653
maze70_5_8.mz	70	5	8	99	1	6.212121212121212
maze70_5_9.mz	70	5	9	85	15	24.71764705882353
maze70_10_0.mz	70	10	0	100	0	5.12
maze70_10_1.mz	70	10	1	100	0	1.37
maze70_10_2.mz	70	10	2	99	1	3.393939393939394
maze70_10_3.mz	70	10	3	100	0	0.82
maze70_10_4.mz	70	10	4	96	4	11.645833333333334
maze70_10_5.mz	70	10	5	100	0	2.48
maze70_10_6.mz	70	10	6	100	0	0.04
maze70_10_7.mz	70	10	7	100	0	0.3
maze70_10_8.mz	70	10	8	100	0	0.82
maze70_10_9.mz	70	10	9	100	0	4.0
maze80_5_0.mz	80	5	0	100	0	4.17
maze80_5_1.mz	80	5	1	98	2	4.418367346938775
maze80_5_2.mz	80	5	2	99	1	5.303030303030303
maze80_5_3.mz	80	5	3	98	2	9.275510204081632
maze80_5_4.mz	80	5	4	100	0	0.34
maze80_5_5.mz	80	5	5	93	7	15.290322580645162
maze80_5_6.mz	80	5	6	95	5	12.210526315789474
maze80_5_7.mz	80	5	7	96	4	18.479166666666668
maze80_5_8.mz	80	5	8	100	0	5.11
maze80_5_9.mz	80	5	9	99	1	9.848484848484848
maze80_10_0.mz	80	10	0	54	46	24.333333333333332
maze80_10_1.mz	80	10	1	99	1	6.181818181818182
maze80_10_2.mz	80	10	2	100	0	0.37
maze80_10_3.mz	80	10	3	100	0	2.78
maze80_10_4.mz	80	10	4	97	3	11.762886597938145
maze80_10_5.mz	80	10	5	100	0	1.57
maze80_10_6.mz	80	10	6	90	10	22.144444444444446
maze80_10_7.mz	80	10	7	100	0	0.72
maze80_10_8.mz	80	10	8	100	0	3.55
maze80_10_9.mz	80	10	9	98	2	12.448979591836734
maze80_20_0.mz	80	20	0	99	1	4.616161616161616
maze80_20_1.mz	80	20	1	73	27	27.47945205479452
maze80_20_2.mz	80	20	2	100	0	1.1
maze80_20_3.mz	80	20	3	93	7	19.806451612903224
maze80_20_4.mz	80	20	4	100	0	2.95
maze80_20_5.mz	80	20	5	98	2	9.040816326530612
maze80_20_6.mz	80	20	6	99	1	10.282828282828282
maze80_20_7.mz	80	20	7	75	25	24.293333333333333
maze80_20_8.mz	80	20	8	100	0	9.86
maze80_20_9.mz	80	20	9	53	47	30.11320754716981
maze90_5_0.mz	90	5	0	94	6	16.819148936170212
maze90_5_1.mz	90	5	1	18	82	46.888888888888886
maze90_5_2.mz	90	5	2	95	5	9.16842105263158
maze90_5_3.mz	90	5	3	90	10	15.311111111111112
maze90_5_4.mz	90	5	4	100	0	5.06
maze90_5_5.mz	90	5	5	97	3	7.628865979381444
maze90_5_6.mz	90	5	6	100	0	1.37
maze90_5_7.mz	90	5	7	96	4	10.614583333333334
maze90_5_8.mz	90	5	8	99	1	8.8989898989899
maze90_5_9.mz	90	5	9	50	50	38.88
maze90_10_0.mz	90	10	0	100	0	1.77
maze90_10_1.mz	90	10	1	100	0	1.46
maze90_10_2.mz	90	10	2	100	0	1.54
maze90_10_3.mz	90	10	3	100	0	4.03
maze90_10_4.mz	90	10	4	100	0	4.12
maze90_10_5.mz	90	10	5	82	18	22.914634146341463
maze90_10_6.mz	90	10	6	100	0	0.4
maze90_10_7.mz	90	10	7	100	0	7.65
maze90_10_8.mz	90	10	8	99	1	8.555555555555555
maze90_10_9.mz	90	10	9	94	6	13.170212765957446
maze90_15_0.mz	90	15	0	100	0	0.68
maze90_15_1.mz	90	15	1	100	0	1.19
maze90_15_2.mz	90	15	2	100	0	1.0
maze90_15_3.mz	90	15	3	100	0	11.71
maze90_15_4.mz	90	15	4	100	0	2.57
maze90_15_5.mz	90	15	5	100	0	8.2
maze90_15_6.mz	90	15	6	39	61	39.282051282051285
maze90_15_7.mz	90	15	7	100	0	3.56
maze90_15_8.mz	90	15	8	100	0	0.38
maze90_15_9.mz	90	15	9	100	0	1.23
maze100_5_0.mz	100	5	0	90	10	20.81111111111111
maze100_5_1.mz	100	5	1	80	20	27.375
maze100_5_2.mz	100	5	2	45	55	30.822222222222223
maze100_5_3.mz	100	5	3	90	10	15.9
maze100_5_4.mz	100	5	4	98	2	6.448979591836735
maze100_5_5.mz	100	5	5	100	0	0.69
maze100_5_6.mz	100	5	6	99	1	9.616161616161616
maze100_5_7.mz	100	5	7	85	15	23.423529411764704
maze100_5_8.mz	100	5	8	99	1	7.383838383838384
maze100_5_9.mz	100	5	9	78	22	29.653846153846153
maze100_10_0.mz	100	10	0	100	0	7.06
maze100_10_1.mz	100	10	1	99	1	4.282828282828283
maze100_10_2.mz	100	10	2	91	9	13.846153846153847
maze100_10_3.mz	100	10	3	100	0	5.67
maze100_10_4.mz	100	10	4	100	0	0.28
maze100_10_5.mz	100	10	5	100	0	1.03
maze100_10_6.mz	100	10	6	100	0	1.89
maze100_10_7.mz	100	10	7	51	49	34.72549019607843
maze100_10_8.mz	100	10	8	100	0	1.71
maze100_10_9.mz	100	10	9	47	53	38.95744680851064
maze100_20_0.mz	100	20	0	100	0	0.59
maze100_20_1.mz	100	20	1	72	28	28.26388888888889
maze100_20_2.mz	100	20	2	89	11	18.280898876404493
maze100_20_3.mz	100	20	3	99	1	10.141414141414142
maze100_20_4.mz	100	20	4	92	8	17.532608695652176
maze100_20_5.mz	100	20	5	85	15	20.235294117647058
maze100_20_6.mz	100	20	6	88	12	21.65909090909091
maze100_20_7.mz	100	20	7	89	11	17.808988764044944
maze100_20_8.mz	100	20	8	100	0	0.09
maze100_20_9.mz	100	20	9	59	41	27.576271186440678
maze110_5_0.mz	110	5	0	69	31	32.88405797101449
maze110_5_1.mz	110	5	1	100	0	4.92
maze110_5_2.mz	110	5	2	76	24	26.263157894736842
maze110_5_3.mz	110	5	3	61	39	40.75409836065574
maze110_5_4.mz	110	5	4	86	14	19.906976744186046
maze110_5_5.mz	110	5	5	91	9	16.417582417582416
maze110_5_6.mz	110	5	6	99	1	5.03030303030303
maze110_5_7.mz	110	5	7	77	23	31.675324675324674
maze110_5_8.mz	110	5	8	92	8	14.945652173913043
maze110_5_9.mz	110	5	9	94	6	14.297872340425531
maze110_10_0.mz	110	10	0	100	0	0.16
maze110_10_1.mz	110	10	1	98	2	6.081632653061225
maze110_10_2.mz	110	10	2	100	0	2.98
maze110_10_3.mz	110	10	3	100	0	5.28
maze110_10_4.mz	110	10	4	12	88	41.75
maze110_10_5.mz	110	10	5	100	0	1.37
maze110_10_6.mz	110	10	6	100	0	6.92
maze110_10_7.mz	110	10	7	69	31	33.26086956521739
maze110_10_8.mz	110	10	8	96	4	12.416666666666666
maze110_10_9.mz	110	10	9	87	13	18.701149425287355
maze120_5_0.mz	120	5	0	2	98	64.5
maze120_5_1.mz	120	5	1	81	19	21.88888888888889
maze120_5_2.mz	120	5	2	41	59	36.170731707317074
maze120_5_3.mz	120	5	3	82	18	28.158536585365855
maze120_5_4.mz	120	5	4	100	0	3.02
maze120_5_5.mz	120	5	5	80	20	25.825
maze120_5_6.mz	120	5	6	95	5	13.25263157894737
maze120_5_7.mz	120	5	7	83	17	19.03614457831325
maze120_5_8.mz	120	5	8	98	2	12.877551020408163
maze120_5_9.mz	120	5	9	99	1	8.717171717171718
maze120_10_0.mz	120	10	0	100	0	1.28
maze120_10_1.mz	120	10	1	98	2	16.010204081632654
maze120_10_2.mz	120	10	2	99	1	5.414141414141414
maze120_10_3.mz	120	10	3	100	0	0.98
maze120_10_4.mz	120	10	4	100	0	4.85
maze120_10_5.mz	120	10	5	100	0	3.96
maze120_10_6.mz	120	10	6	99	1	5.434343434343434
maze120_10_7.mz	120	10	7	100	0	0.65
maze120_10_8.mz	120	10	8	69	31	26.202898550724637
maze120_10_9.mz	120	10	9	100	0	5.2
maze120_15_0.mz	120	15	0	100	0	3.12
maze120_15_1.mz	120	15	1	93	7	16.946236559139784
maze120_15_2.mz	120	15	2	96	4	13.135416666666666
maze120_15_3.mz	120	15	3	100	0	1.13
maze120_15_4.mz	120	15	4	100	0	0.71
maze120_15_5.mz	120	15	5	90	10	13.866666666666667
maze120_15_6.mz	120	15	6	99	1	9.484848484848484
maze120_15_7.mz	120	15	7	96	4	11.25
maze120_15_8.mz	120	15	8	81	19	21.530864197530864
maze120_15_9.mz	120	15	9	56	44	33.0
maze120_20_0.mz	120	20	0	98	2	8.785714285714286
maze120_20_1.mz	120	20	1	100	0	1.88
maze120_20_2.mz	120	20	2	100	0	2.29
maze120_20_3.mz	120	20	3	92	8	15.532608695652174
maze120_20_4.mz	120	20	4	62	38	36.88709677419355
maze120_20_5.mz	120	20	5	99	1	5.111111111111111
maze120_20_6.mz	120	20	6	67	33	27.880597014925375
maze120_20_7.mz	120	20	7	54	46	36.22222222222222
maze120_20_8.mz	120	20	8	97	3	7.711340206185567
maze120_20_9.mz	120	20	9	96	4	14.385416666666666
maze130_5_0.mz	130	5	0	92	8	15.847826086956522
maze130_5_1.mz	130	5	1	100	0	1.91
maze130_5_2.mz	130	5	2	99	1	14.222222222222221
maze130_5_3.mz	130	5	3	63	37	30.07936507936508
maze130_5_4.mz	130	5	4	92	8	11.434782608695652
maze130_5_5.mz	130	5	5	100	0	3.1
maze130_5_6.mz	130	5	6	97	3	5.845360824742268
maze130_5_7.mz	130	5	7	100	0	1.88
maze130_5_8.mz	130	5	8	60	40	32.166666666666664
maze130_5_9.mz	130	5	9	40	60	37.35
maze130_10_0.mz	130	10	0	99	1	10.767676767676768
maze130_10_1.mz	130	10	1	99	1	6.474747474747475
maze130_10_2.mz	130	10	2	100	0	6.98
maze130_10_3.mz	130	10	3	100	0	3.11
maze130_10_4.mz	130	10	4	100	0	0.97
maze130_10_5.mz	130	10	5	100	0	4.08
maze130_10_6.mz	130	10	6	96	4	17.375
maze130_10_7.mz	130	10	7	100	0	2.94
maze130_10_8.mz	130	10	8	96	4	18.052083333333332
maze130_10_9.mz	130	10	9	100	0	5.97
maze140_5_0.mz	140	5	0	67	33	26.850746268656717
maze140_5_1.mz	140	5	1	95	5	18.05263157894737
maze140_5_2.mz	140	5	2	98	2	13.673469387755102
maze140_5_3.mz	140	5	3	62	38	30.483870967741936
maze140_5_4.mz	140	5	4	92	8	17.02173913043478
maze140_5_5.mz	140	5	5	88	12	16.15909090909091
maze140_5_6.mz	140	5	6	77	23	24.48051948051948
maze140_5_7.mz	140	5	7	62	38	33.645161290322584
maze140_5_8.mz	140	5	8	89	11	17.202247191011235
maze140_5_9.mz	140	5	9	93	7	15.56989247311828
maze140_10_0.mz	140	10	0	38	62	40.6578947368421
maze140_10_1.mz	140	10	1	100	0	0.61
maze140_10_2.mz	140	10	2	100	0	1.32
maze140_10_3.mz	140	10	3	64	36	31.65625
maze140_10_4.mz	140	10	4	39	61	37.8974358974359
maze140_10_5.mz	140	10	5	100	0	2.77
maze140_10_6.mz	140	10	6	51	49	30.019607843137255
maze140_10_7.mz	140	10	7	100	0	1.16
maze140_10_8.mz	140	10	8	98	2	3.1122448979591835
maze140_10_9.mz	140	10	9	100	0	8.6
maze140_20_0.mz	140	20	0	97	3	17.5979381443299
maze140_20_1.mz	140	20	1	53	47	31.150943396226417
maze140_20_2.mz	140	20	2	84	16	25.36904761904762
maze140_20_3.mz	140	20	3	82	18	28.378048780487806
maze140_20_4.mz	140	20	4	93	7	16.387096774193548
maze140_20_5.mz	140	20	5	100	0	2.55
maze140_20_6.mz	140	20	6	75	25	20.68
maze140_20_7.mz	140	20	7	89	11	22.685393258426966
maze140_20_8.mz	140	20	8	77	23	30.233766233766232
maze140_20_9.mz	140	20	9	97	3	15.68041237113402
maze150_5_0.mz	150	5	0	76	24	32.078947368421055
maze150_5_1.mz	150	5	1	98	2	12.479591836734693
maze150_5_2.mz	150	5	2	27	73	41.25925925925926
maze150_5_3.mz	150	5	3	80	20	19.15
maze150_5_4.mz	150	5	4	2	98	89.0
maze150_5_5.mz	150	5	5	96	4	11.364583333333334
maze150_5_6.mz	150	5	6	42	58	37.19047619047619
maze150_5_7.mz	150	5	7	5	95	61.8
maze150_5_8.mz	150	5	8	85	15	19.729411764705883
maze150_5_9.mz	150	5	9	45	55	38.68888888888889
maze150_10_0.mz	150	10	0	89	11	18.202247191011235
maze150_10_1.mz	150	10	1	37	63	31.45945945945946
maze150_10_2.mz	150	10	2	64	36	33.546875
maze150_10_3.mz	150	10	3	100	0	3.51
maze150_10_4.mz	150	10	4	90	10	17.41111111111111
maze150_10_5.mz	150	10	5	100	0	3.42
maze150_10_6.mz	150	10	6	96	4	10.46875
maze150_10_7.mz	150	10	7	63	37	28.80952380952381
maze150_10_8.mz	150	10	8	78	22	29.5
maze150_10_9.mz	150	10	9	90	10	20.41111111111111
maze150_15_0.mz	150	15	0	54	46	34.851851851851855
maze150_15_1.mz	150	15	1	99	1	8.141414141414142
maze150_15_2.mz	150	15	2	97	3	11.154639175257731
maze150_15_3.mz	150	15	3	87	13	18.298850574712645
maze150_15_4.mz	150	15	4	96	4	14.197916666666666
maze150_15_5.mz	150	15	5	100	0	4.28
maze150_15_6.mz	150	15	6	100	0	8.2
maze150_15_7.mz	150	15	7	99	1	6.91919191919192
maze150_15_8.mz	150	15	8	63	37	28.603174603174605
maze150_15_9.mz	150	15	9	100	0	3.63
maze160_5_0.mz	160	5	0	84	16	27.0
maze160_5_1.mz	160	5	1	82	18	24.878048780487806
maze160_5_2.mz	160	5	2	40	60	36.525
maze160_5_3.mz	160	5	3	39	61	36.17948717948718
maze160_5_4.mz	160	5	4	69	31	28.6231884057971
maze160_5_5.mz	160	5	5	85	15	23.858823529411765
maze160_5_6.mz	160	5	6	7	93	55.285714285714285
maze160_5_7.mz	160	5	7	99	1	8.202020202020202
maze160_5_8.mz	160	5	8	46	54	35.93478260869565
maze160_5_9.mz	160	5	9	77	23	27.77922077922078
maze160_10_0.mz	160	10	0	97	3	13.649484536082474
maze160_10_1.mz	160	10	1	75	25	22.84
maze160_10_2.mz	160	10	2	100	0	2.58
maze160_10_3.mz	160	10	3	93	7	16.763440860215052
maze160_10_4.mz	160	10	4	80	20	30.7
maze160_10_5.mz	160	10	5	19	81	55.8421052631579
maze160_10_6.mz	160	10	6	99	1	13.262626262626263
maze160_10_7.mz	160	10	7	100	0	2.13
maze160_10_8.mz	160	10	8	40	60	39.05
maze160_10_9.mz	160	10	9	92	8	19.72826086956522
maze160_20_0.mz	160	20	0	29	71	41.93103448275862
maze160_20_1.mz	160	20	1	95	5	9.557894736842105
maze160_20_2.mz	160	20	2	55	45	33.872727272727275
maze160_20_3.mz	160	20	3	78	22	27.192307692307693
maze160_20_4.mz	160	20	4	100	0	0.44
maze160_20_5.mz	160	20	5	99	1	5.1313131313131315
maze160_20_6.mz	160	20	6	67	33	32.37313432835821
maze160_20_7.mz	160	20	7	14	86	48.142857142857146
maze160_20_8.mz	160	20	8	34	66	40.794117647058826
maze160_20_9.mz	160	20	9	96	4	10.09375
maze170_5_0.mz	170	5	0	66	34	25.09090909090909
maze170_5_1.mz	170	5	1	82	18	27.658536585365855
maze170_5_2.mz	170	5	2	9	91	29.88888888888889
maze170_5_3.mz	170	5	3	36	64	34.55555555555556
maze170_5_4.mz	170	5	4	34	66	44.73529411764706
maze170_5_5.mz	170	5	5	17	83	53.294117647058826
maze170_5_6.mz	170	5	6	85	15	26.08235294117647
maze170_5_7.mz	170	5	7	79	21	19.443037974683545
maze170_5_8.mz	170	5	8	19	81	38.8421052631579
maze170_5_9.mz	170	5	9	21	79	41.142857142857146
maze170_10_0.mz	170	10	0	100	0	3.27
maze170_10_1.mz	170	10	1	55	45	32.74545454545454
maze170_10_2.mz	170	10	2	46	54	34.54347826086956
maze170_10_3.mz	170	10	3	2	98	59.5
maze170_10_4.mz	170	10	4	99	1	2.0707070707070705
maze170_10_5.mz	170	10	5	2	98	67.0
maze170_10_6.mz	170	10	6	100	0	2.4
maze170_10_7.mz	170	10	7	85	15	23.435294117647057
maze170_10_8.mz	170	10	8	89	11	21.89887640449438
maze170_10_9.mz	170	10	9	100	0	3.36
maze180_5_0.mz	180	5	0	9	91	37.333333333333336
maze180_5_1.mz	180	5	1	22	78	37.40909090909091
maze180_5_2.mz	180	5	2	61	39	31.147540983606557
maze180_5_3.mz	180	5	3	30	70	36.166666666666664
maze180_5_4.mz	180	5	4	4	96	63.75
maze180_5_5.mz	180	5	5	6	94	46.666666666666664
maze180_5_6.mz	180	5	6	63	37	27.682539682539684
maze180_5_7.mz	180	5	7	65	35	30.784615384615385
maze180_5_8.mz	180	5	8	7	93	45.285714285714285
maze180_5_9.mz	180	5	9	32	68	38.5625
maze180_10_0.mz	180	10	0	34	66	35.61764705882353
maze180_10_1.mz	180	10	1	96	4	9.802083333333334
maze180_10_2.mz	180	10	2	60	40	29.85
maze180_10_3.mz	180	10	3	100	0	9.33
maze180_10_4.mz	180	10	4	78	22	21.94871794871795
maze180_10_5.mz	180	10	5	97	3	5.948453608247423
maze180_10_6.mz	180	10	6	97	3	7.969072164948454
maze180_10_7.mz	180	10	7	69	31	30.768115942028984
maze180_10_8.mz	180	10	8	88	12	17.943181818181817
maze180_10_9.mz	180	10	9	52	48	35.28846153846154
maze180_15_0.mz	180	15	0	0	100	NaN
maze180_15_1.mz	180	15	1	72	28	29.22222222222222
maze180_15_2.mz	180	15	2	29	71	39.3448275862069
maze180_15_3.mz	180	15	3	100	0	1.25
maze180_15_4.mz	180	15	4	25	75	40.16
maze180_15_5.mz	180	15	5	100	0	6.73
maze180_15_6.mz	180	15	6	82	18	22.70731707317073
maze180_15_7.mz	180	15	7	98	2	13.418367346938776
maze180_15_8.mz	180	15	8	100	0	0.21
maze180_15_9.mz	180	15	9	100	0	7.79
maze180_20_0.mz	180	20	0	42	58	32.166666666666664
maze180_20_1.mz	180	20	1	49	51	44.95918367346939
maze180_20_2.mz	180	20	2	5	95	40.0
maze180_20_3.mz	180	20	3	3	97	39.666666666666664
maze180_20_4.mz	180	20	4	31	69	35.096774193548384
maze180_20_5.mz	180	20	5	74	26	30.013513513513512
maze180_20_6.mz	180	20	6	100	0	6.25
maze180_20_7.mz	180	20	7	5	95	61.0
maze180_20_8.mz	180	20	8	5	95	50.6
maze180_20_9.mz	180	20	9	59	41	33.016949152542374
maze190_5_0.mz	190	5	0	21	79	47.76190476190476
maze190_5_1.mz	190	5	1	96	4	19.71875
maze190_5_2.mz	190	5	2	29	71	45.41379310344828
maze190_5_3.mz	190	5	3	67	33	27.925373134328357
maze190_5_4.mz	190	5	4	53	47	36.301886792452834
maze190_5_5.mz	190	5	5	75	25	31.706666666666667
maze190_5_6.mz	190	5	6	59	41	24.966101694915253
maze190_5_7.mz	190	5	7	31	69	35.774193548387096
maze190_5_8.mz	190	5	8	8	92	29.625
maze190_5_9.mz	190	5	9	99	1	15.02020202020202
maze190_10_0.mz	190	10	0	100	0	8.15
maze190_10_1.mz	190	10	1	100	0	7.82
maze190_10_2.mz	190	10	2	55	45	29.472727272727273
maze190_10_3.mz	190	10	3	98	2	10.071428571428571
maze190_10_4.mz	190	10	4	1	99	35.0
maze190_10_5.mz	190	10	5	92	8	18.57608695652174
maze190_10_6.mz	190	10	6	34	66	44.970588235294116
maze190_10_7.mz	190	10	7	100	0	0.24
maze190_10_8.mz	190	10	8	1	99	93.0
maze190_10_9.mz	190	10	9	52	48	38.80769230769231
maze200_5_0.mz	200	5	0	0	100	NaN
maze200_5_1.mz	200	5	1	23	77	53.47826086956522
maze200_5_2.mz	200	5	2	31	69	36.74193548387097
maze200_5_3.mz	200	5	3	100	0	8.18
maze200_5_4.mz	200	5	4	12	88	39.5
maze200_5_5.mz	200	5	5	0	100	NaN
maze200_5_6.mz	200	5	6	63	37	33.03174603174603
maze200_5_7.mz	200	5	7	10	90	47.4
maze200_5_8.mz	200	5	8	1	99	73.0
maze200_5_9.mz	200	5	9	0	100	NaN
maze200_10_0.mz	200	10	0	52	48	28.53846153846154
maze200_10_1.mz	200	10	1	100	0	2.79
maze200_10_2.mz	200	10	2	41	59	35.75609756097561
maze200_10_3.mz	200	10	3	99	1	5.242424242424242
maze200_10_4.mz	200	10	4	100	0	4.73
maze200_10_5.mz	200	10	5	3	97	38.666666666666664
maze200_10_6.mz	200	10	6	100	0	4.06
maze200_10_7.mz	200	10	7	12	88	50.0
maze200_10_8.mz	200	10	8	98	2	11.693877551020408
maze200_10_9.mz	200	10	9	99	1	12.04040404040404
maze200_20_0.mz	200	20	0	45	55	39.55555555555556
maze200_20_1.mz	200	20	1	86	14	24.627906976744185
maze200_20_2.mz	200	20	2	89	11	18.752808988764045
maze200_20_3.mz	200	20	3	64	36	34.75
maze200_20_4.mz	200	20	4	96	4	12.520833333333334
maze200_20_5.mz	200	20	5	33	67	38.81818181818182
maze200_20_6.mz	200	20	6	100	0	2.48
maze200_20_7.mz	200	20	7	82	18	18.0609756097561
maze200_20_8.mz	200	20	8	7	93	29.142857142857142
maze200_20_9.mz	200	20	9	66	34	27.196969696969695
maze210_5_0.mz	210	5	0	0	100	NaN
maze210_5_1.mz	210	5	1	82	18	27.341463414634145
maze210_5_2.mz	210	5	2	54	46	33.72222222222222
maze210_5_3.mz	210	5	3	19	81	31.57894736842105
maze210_5_4.mz	210	5	4	2	98	62.5
maze210_5_5.mz	210	5	5	11	89	44.36363636363637
maze210_5_6.mz	210	5	6	11	89	45.27272727272727
maze210_5_7.mz	210	5	7	5	95	28.4
maze210_5_8.mz	210	5	8	90	10	20.155555555555555
maze210_5_9.mz	210	5	9	21	79	44.95238095238095
maze210_10_0.mz	210	10	0	88	12	21.125
maze210_10_1.mz	210	10	1	98	2	7.612244897959184
maze210_10_2.mz	210	10	2	51	49	40.294117647058826
maze210_10_3.mz	210	10	3	86	14	18.941860465116278
maze210_10_4.mz	210	10	4	58	42	30.137931034482758
maze210_10_5.mz	210	10	5	18	82	41.22222222222222
maze210_10_6.mz	210	10	6	71	29	23.098591549295776
maze210_10_7.mz	210	10	7	96	4	11.270833333333334
maze210_10_8.mz	210	10	8	40	60	37.65
maze210_10_9.mz	210	10	9	85	15	22.2
maze210_15_0.mz	210	15	0	39	61	50.1025641025641
maze210_15_1.mz	210	15	1	37	63	42.270270270270274
maze210_15_2.mz	210	15	2	94	6	19.28723404255319
maze210_15_3.mz	210	15	3	74	26	27.83783783783784
maze210_15_4.mz	210	15	4	47	53	32.702127659574465
maze210_15_5.mz	210	15	5	82	18	21.329268292682926
maze210_15_6.mz	210	15	6	100	0	5.87
maze210_15_7.mz	210	15	7	100	0	4.44
maze210_15_8.mz	210	15	8	75	25	21.92
maze210_15_9.mz	210	15	9	70	30	28.042857142857144
maze220_5_0.mz	220	5	0	27	73	41.888888888888886
maze220_5_1.mz	220	5	1	2	98	61.5
maze220_5_2.mz	220	5	2	24	76	47.458333333333336
maze220_5_3.mz	220	5	3	18	82	49.611111111111114
maze220_5_4.mz	220	5	4	16	84	52.9375
maze220_5_5.mz	220	5	5	13	87	37.53846153846154
maze220_5_6.mz	220	5	6	0	100	NaN
maze220_5_7.mz	220	5	7	5	95	60.4
maze220_5_8.mz	220	5	8	13	87	46.69230769230769
maze220_5_9.mz	220	5	9	53	47	35.0377358490566
maze220_10_0.mz	220	10	0	48	52	31.916666666666668
maze220_10_1.mz	220	10	1	95	5	15.031578947368422
maze220_10_2.mz	220	10	2	31	69	38.096774193548384
maze220_10_3.mz	220	10	3	32	68	39.5
maze220_10_4.mz	220	10	4	79	21	25.70886075949367
maze220_10_5.mz	220	10	5	77	23	26.25974025974026
maze220_10_6.mz	220	10	6	20	80	45.9
maze220_10_7.mz	220	10	7	99	1	5.383838383838384
maze220_10_8.mz	220	10	8	7	93	35.0
maze220_10_9.mz	220	10	9	32	68	44.78125
maze220_20_0.mz	220	20	0	51	49	33.88235294117647
maze220_20_1.mz	220	20	1	100	0	0.07
maze220_20_2.mz	220	20	2	85	15	24.51764705882353
maze220_20_3.mz	220	20	3	82	18	22.646341463414632
maze220_20_4.mz	220	20	4	97	3	10.1340206185567
maze220_20_5.mz	220	20	5	100	0	7.86
maze220_20_6.mz	220	20	6	100	0	4.1
maze220_20_7.mz	220	20	7	86	14	23.25581395348837
maze220_20_8.mz	220	20	8	98	2	15.26530612244898
maze220_20_9.mz	220	20	9	71	29	22.12676056338028
maze230_5_0.mz	230	5	0	8	92	36.625
maze230_5_1.mz	230	5	1	26	74	50.53846153846154
maze230_5_2.mz	230	5	2	63	37	33.25396825396825
maze230_5_3.mz	230	5	3	8	92	38.125
maze230_5_4.mz	230	5	4	62	38	31.0
maze230_5_5.mz	230	5	5	24	76	35.833333333333336
maze230_5_6.mz	230	5	6	44	56	50.13636363636363
maze230_5_7.mz	230	5	7	1	99	5.0
maze230_5_8.mz	230	5	8	1	99	68.0
maze230_5_9.mz	230	5	9	0	100	NaN
maze230_10_0.mz	230	10	0	49	51	30.081632653061224
maze230_10_1.mz	230	10	1	48	52	31.104166666666668
maze230_10_2.mz	230	10	2	26	74	44.80769230769231
maze230_10_3.mz	230	10	3	93	7	15.064516129032258
maze230_10_4.mz	230	10	4	79	21	25.78481012658228
maze230_10_5.mz	230	10	5	56	44	33.017857142857146
maze230_10_6.mz	230	10	6	100	0	7.16
maze230_10_7.mz	230	10	7	99	1	3.505050505050505
maze230_10_8.mz	230	10	8	98	2	6.642857142857143
maze230_10_9.mz	230	10	9	12	88	47.833333333333336
maze240_5_0.mz	240	5	0	0	100	NaN
maze240_5_1.mz	240	5	1	2	98	48.0
maze240_5_2.mz	240	5	2	7	93	50.857142857142854
maze240_5_3.mz	240	5	3	9	91	29.0
maze240_5_4.mz	240	5	4	1	99	69.0
maze240_5_5.mz	240	5	5	56	44	28.303571428571427
maze240_5_6.mz	240	5	6	60	40	34.333333333333336
maze240_5_7.mz	240	5	7	1	99	60.0
maze240_5_8.mz	240	5	8	55	45	31.763636363636362
maze240_5_9.mz	240	5	9	12	88	41.083333333333336
maze240_10_0.mz	240	10	0	3	97	67.33333333333333
maze240_10_1.mz	240	10	1	9	91	33.888888888888886
maze240_10_2.mz	240	10	2	63	37	27.58730158730159
maze240_10_3.mz	240	10	3	99	1	11.05050505050505
maze240_10_4.mz	240	10	4	89	11	21.1123595505618
maze240_10_5.mz	240	10	5	28	72	48.464285714285715
maze240_10_6.mz	240	10	6	72	28	31.430555555555557
maze240_10_7.mz	240	10	7	43	57	34.604651162790695
maze240_10_8.mz	240	10	8	100	0	1.63
maze240_10_9.mz	240	10	9	26	74	36.57692307692308
maze240_15_0.mz	240	15	0	100	0	6.03
maze240_15_1.mz	240	15	1	90	10	23.977777777777778
maze240_15_2.mz	240	15	2	71	29	27.197183098591548
maze240_15_3.mz	240	15	3	100	0	2.47
maze240_15_4.mz	240	15	4	12	88	33.833333333333336
maze240_15_5.mz	240	15	5	100	0	1.39
maze240_15_6.mz	240	15	6	85	15	25.16470588235294
maze240_15_7.mz	240	15	7	20	80	35.55
maze240_15_8.mz	240	15	8	75	25	22.373333333333335
maze240_15_9.mz	240	15	9	58	42	32.41379310344828
maze240_20_0.mz	240	20	0	100	0	8.49
maze240_20_1.mz	240	20	1	99	1	7.222222222222222
maze240_20_2.mz	240	20	2	64	36	24.484375
maze240_20_3.mz	240	20	3	23	77	46.869565217391305
maze240_20_4.mz	240	20	4	30	70	42.233333333333334
maze240_20_5.mz	240	20	5	97	3	12.54639175257732
maze240_20_6.mz	240	20	6	59	41	33.983050847457626
maze240_20_7.mz	240	20	7	63	37	20.96825396825397
maze240_20_8.mz	240	20	8	4	96	62.75
maze240_20_9.mz	240	20	9	47	53	37.234042553191486
maze250_5_0.mz	250	5	0	5	95	46.0
maze250_5_1.mz	250	5	1	1	99	0.0
maze250_5_2.mz	250	5	2	9	91	56.333333333333336
maze250_5_3.mz	250	5	3	1	99	73.0
maze250_5_4.mz	250	5	4	42	58	43.76190476190476
maze250_5_5.mz	250	5	5	3	97	48.0
maze250_5_6.mz	250	5	6	16	84	38.125
maze250_5_7.mz	250	5	7	3	97	27.0
maze250_5_8.mz	250	5	8	0	100	NaN
maze250_5_9.mz	250	5	9	44	56	36.31818181818182
maze250_10_0.mz	250	10	0	1	99	6.0
maze250_10_1.mz	250	10	1	98	2	10.183673469387756
maze250_10_2.mz	250	10	2	2	98	29.0
maze250_10_3.mz	250	10	3	44	56	42.63636363636363
maze250_10_4.mz	250	10	4	54	46	45.129629629629626
maze250_10_5.mz	250	10	5	54	46	35.425925925925924
maze250_10_6.mz	250	10	6	81	19	24.333333333333332
maze250_10_7.mz	250	10	7	9	91	44.333333333333336
maze250_10_8.mz	250	10	8	22	78	31.636363636363637
maze250_10_9.mz	250	10	9	84	16	23.88095238095238
maze260_5_0.mz	260	5	0	1	99	79.0
maze260_5_1.mz	260	5	1	1	99	93.0
maze260_5_2.mz	260	5	2	0	100	NaN
maze260_5_3.mz	260	5	3	30	70	47.13333333333333
maze260_5_4.mz	260	5	4	21	79	40.23809523809524
maze260_5_5.mz	260	5	5	52	48	37.96153846153846
maze260_5_6.mz	260	5	6	40	60	45.5
maze260_5_7.mz	260	5	7	36	64	49.138888888888886
maze260_5_8.mz	260	5	8	90	10	22.566666666666666
maze260_5_9.mz	260	5	9	1	99	47.0
maze260_10_0.mz	260	10	0	3	97	14.333333333333334
maze260_10_1.mz	260	10	1	14	86	60.285714285714285
maze260_10_2.mz	260	10	2	36	64	44.611111111111114
maze260_10_3.mz	260	10	3	14	86	37.57142857142857
maze260_10_4.mz	260	10	4	11	89	51.63636363636363
maze260_10_5.mz	260	10	5	81	19	27.753086419753085
maze260_10_6.mz	260	10	6	33	67	38.121212121212125
maze260_10_7.mz	260	10	7	9	91	66.11111111111111
maze260_10_8.mz	260	10	8	3	97	36.0
maze260_10_9.mz	260	10	9	1	99	24.0
maze260_20_0.mz	260	20	0	48	52	39.145833333333336
maze260_20_1.mz	260	20	1	35	65	42.4
maze260_20_2.mz	260	20	2	52	48	37.75
maze260_20_3.mz	260	20	3	1	99	94.0
maze260_20_4.mz	260	20	4	90	10	17.633333333333333
maze260_20_5.mz	260	20	5	3	97	71.0
maze260_20_6.mz	260	20	6	30	70	33.333333333333336
maze260_20_7.mz	260	20	7	37	63	40.189189189189186
maze260_20_8.mz	260	20	8	99	1	11.414141414141413
maze260_20_9.mz	260	20	9	86	14	18.593023255813954
maze270_5_0.mz	270	5	0	3	97	48.666666666666664
maze270_5_1.mz	270	5	1	4	96	50.0
maze270_5_2.mz	270	5	2	0	100	NaN
maze270_5_3.mz	270	5	3	1	99	0.0
maze270_5_4.mz	270	5	4	10	90	55.0
maze270_5_5.mz	270	5	5	0	100	NaN
maze270_5_6.mz	270	5	6	0	100	NaN
maze270_5_7.mz	270	5	7	30	70	37.43333333333333
maze270_5_8.mz	270	5	8	3	97	56.333333333333336
maze270_5_9.mz	270	5	9	0	100	NaN
maze270_10_0.mz	270	10	0	2	98	49.5
maze270_10_1.mz	270	10	1	100	0	4.61
maze270_10_2.mz	270	10	2	64	36	26.125
maze270_10_3.mz	270	10	3	31	69	40.483870967741936
maze270_10_4.mz	270	10	4	28	72	36.714285714285715
maze270_10_5.mz	270	10	5	1	99	9.0
maze270_10_6.mz	270	10	6	11	89	40.0
maze270_10_7.mz	270	10	7	15	85	48.8
maze270_10_8.mz	270	10	8	44	56	43.75
maze270_10_9.mz	270	10	9	4	96	41.0
maze270_15_0.mz	270	15	0	71	29	27.788732394366196
maze270_15_1.mz	270	15	1	32	68	40.6875
maze270_15_2.mz	270	15	2	100	0	3.65
maze270_15_3.mz	270	15	3	3	97	52.666666666666664
maze270_15_4.mz	270	15	4	79	21	24.670886075949365
maze270_15_5.mz	270	15	5	21	79	44.523809523809526
maze270_15_6.mz	270	15	6	20	80	39.8
maze270_15_7.mz	270	15	7	6	94	54.166666666666664
maze270_15_8.mz	270	15	8	82	18	20.01219512195122
maze270_15_9.mz	270	15	9	28	72	40.32142857142857
maze280_5_0.mz	280	5	0	0	100	NaN
maze280_5_1.mz	280	5	1	7	93	71.71428571428571
maze280_5_2.mz	280	5	2	4	96	47.75
maze280_5_3.mz	280	5	3	4	96	46.0
maze280_5_4.mz	280	5	4	1	99	80.0
maze280_5_5.mz	280	5	5	2	98	54.5
maze280_5_6.mz	280	5	6	16	84	38.3125
maze280_5_7.mz	280	5	7	46	54	39.08695652173913
maze280_5_8.mz	280	5	8	5	95	61.4
maze280_5_9.mz	280	5	9	1	99	89.0
maze280_10_0.mz	280	10	0	45	55	34.55555555555556
maze280_10_1.mz	280	10	1	80	20	22.275
maze280_10_2.mz	280	10	2	7	93	58.42857142857143
maze280_10_3.mz	280	10	3	41	59	43.09756097560975
maze280_10_4.mz	280	10	4	13	87	38.15384615384615
maze280_10_5.mz	280	10	5	24	76	36.666666666666664
maze280_10_6.mz	280	10	6	29	71	28.103448275862068
maze280_10_7.mz	280	10	7	6	94	24.5
maze280_10_8.mz	280	10	8	6	94	32.5
maze280_10_9.mz	280	10	9	27	73	39.18518518518518
maze280_20_0.mz	280	20	0	5	95	47.4
maze280_20_1.mz	280	20	1	19	81	50.31578947368421
maze280_20_2.mz	280	20	2	99	1	5.838383838383838
maze280_20_3.mz	280	20	3	10	90	35.7
maze280_20_4.mz	280	20	4	3	97	66.0
maze280_20_5.mz	280	20	5	98	2	6.295918367346939
maze280_20_6.mz	280	20	6	16	84	35.9375
maze280_20_7.mz	280	20	7	0	100	NaN
maze280_20_8.mz	280	20	8	2	98	65.5
maze280_20_9.mz	280	20	9	100	0	1.27
maze290_5_0.mz	290	5	0	0	100	NaN
maze290_5_1.mz	290	5	1	0	100	NaN
maze290_5_2.mz	290	5	2	0	100	NaN
maze290_5_3.mz	290	5	3	0	100	NaN
maze290_5_4.mz	290	5	4	3	97	80.66666666666667
maze290_5_5.mz	290	5	5	3	97	36.666666666666664
maze290_5_6.mz	290	5	6	0	100	NaN
maze290_5_7.mz	290	5	7	82	18	22.975609756097562
maze290_5_8.mz	290	5	8	4	96	60.25
maze290_5_9.mz	290	5	9	0	100	NaN
maze290_10_0.mz	290	10	0	58	42	46.37931034482759
maze290_10_1.mz	290	10	1	53	47	36.20754716981132
maze290_10_2.mz	290	10	2	21	79	42.523809523809526
maze290_10_3.mz	290	10	3	45	55	39.28888888888889
maze290_10_4.mz	290	10	4	17	83	47.23529411764706
maze290_10_5.mz	290	10	5	79	21	26.11392405063291
maze290_10_6.mz	290	10	6	5	95	40.6
maze290_10_7.mz	290	10	7	83	17	17.903614457831324
maze290_10_8.mz	290	10	8	67	33	33.850746268656714
maze290_10_9.mz	290	10	9	73	27	28.095890410958905
maze300_5_0.mz	300	5	0	0	100	NaN
maze300_5_1.mz	300	5	1	29	71	39.310344827586206
maze300_5_2.mz	300	5	2	2	98	94.5
maze300_5_3.mz	300	5	3	0	100	NaN
maze300_5_4.mz	300	5	4	0	100	NaN
maze300_5_5.mz	300	5	5	0	100	NaN
maze300_5_6.mz	300	5	6	1	99	80.0
maze300_5_7.mz	300	5	7	0	100	NaN
maze300_5_8.mz	300	5	8	1	99	49.0
maze300_5_9.mz	300	5	9	0	100	NaN
maze300_10_0.mz	300	10	0	51	49	36.07843137254902
maze300_10_1.mz	300	10	1	93	7	18.516129032258064
maze300_10_2.mz	300	10	2	5	95	19.2
maze300_10_3.mz	300	10	3	79	21	27.556962025316455
maze300_10_4.mz	300	10	4	8	92	55.625
maze300_10_5.mz	300	10	5	18	82	38.166666666666664
maze300_10_6.mz	300	10	6	12	88	45.0
maze300_10_7.mz	300	10	7	43	57	36.395348837209305
maze300_10_8.mz	300	10	8	100	0	1.94
maze300_10_9.mz	300	10	9	20	80	45.75
maze300_15_0.mz	300	15	0	51	49	34.86274509803921
maze300_15_1.mz	300	15	1	87	13	20.39080459770115
maze300_15_2.mz	300	15	2	99	1	3.9696969696969697
maze300_15_3.mz	300	15	3	36	64	45.02777777777778
maze300_15_4.mz	300	15	4	18	82	43.888888888888886
maze300_15_5.mz	300	15	5	1	99	33.0
maze300_15_6.mz	300	15	6	97	3	9.072164948453608
maze300_15_7.mz	300	15	7	66	34	28.560606060606062
maze300_15_8.mz	300	15	8	84	16	20.571428571428573
maze300_15_9.mz	300	15	9	4	96	56.5
maze300_20_0.mz	300	20	0	99	1	7.2727272727272725
maze300_20_1.mz	300	20	1	57	43	35.10526315789474
maze300_20_2.mz	300	20	2	5	95	41.2
maze300_20_3.mz	300	20	3	54	46	31.98148148148148
maze300_20_4.mz	300	20	4	24	76	38.833333333333336
maze300_20_5.mz	300	20	5	56	44	34.535714285714285
maze300_20_6.mz	300	20	6	10	90	59.7
maze300_20_7.mz	300	20	7	97	3	11.649484536082474
maze300_20_8.mz	300	20	8	11	89	60.90909090909091
maze300_20_9.mz	300	20	9	23	77	37.608695652173914

