Mode XML Parameters
ACO
maxNumIterations	35
pheromonesEvaporationRate	0.65
alpha	0.85
beta	0.85
numberOfAnts	15
GA
geneType	Simple
maxNumIterations	1
eliteNumber	0
mutationRate	0
crossoverRate	0
EVA
acoImportance	1
agImportance	0
Maze	dimension	col	#	#ok	#no	avg ok
maze20_5_0.mz	20	5	0	97	3	1.8969072164948453
maze20_5_1.mz	20	5	1	99	1	0.9090909090909091
maze20_5_2.mz	20	5	2	100	0	0.93
maze20_5_3.mz	20	5	3	91	9	3.1538461538461537
maze20_5_4.mz	20	5	4	98	2	0.9795918367346939
maze20_5_5.mz	20	5	5	98	2	0.04081632653061224
maze20_5_6.mz	20	5	6	84	16	5.583333333333333
maze20_5_7.mz	20	5	7	100	0	0.02
maze20_5_8.mz	20	5	8	100	0	0.59
maze20_5_9.mz	20	5	9	100	0	1.06
maze20_10_0.mz	20	10	0	95	5	0.631578947368421
maze20_10_1.mz	20	10	1	100	0	0.17
maze20_10_2.mz	20	10	2	91	9	2.758241758241758
maze20_10_3.mz	20	10	3	100	0	0.48
maze20_10_4.mz	20	10	4	99	1	1.3737373737373737
maze20_10_5.mz	20	10	5	89	11	3.561797752808989
maze20_10_6.mz	20	10	6	95	5	2.8210526315789473
maze20_10_7.mz	20	10	7	100	0	0.6
maze20_10_8.mz	20	10	8	87	13	2.5977011494252875
maze20_10_9.mz	20	10	9	98	2	1.0408163265306123
maze30_5_0.mz	30	5	0	92	8	2.597826086956522
maze30_5_1.mz	30	5	1	68	32	5.6911764705882355
maze30_5_2.mz	30	5	2	69	31	5.173913043478261
maze30_5_3.mz	30	5	3	99	1	0.5050505050505051
maze30_5_4.mz	30	5	4	98	2	0.6428571428571429
maze30_5_5.mz	30	5	5	85	15	2.9647058823529413
maze30_5_6.mz	30	5	6	96	4	2.4270833333333335
maze30_5_7.mz	30	5	7	93	7	2.204301075268817
maze30_5_8.mz	30	5	8	82	18	4.317073170731708
maze30_5_9.mz	30	5	9	91	9	2.868131868131868
maze30_10_0.mz	30	10	0	97	3	0.865979381443299
maze30_10_1.mz	30	10	1	100	0	0.27
maze30_10_2.mz	30	10	2	72	28	7.277777777777778
maze30_10_3.mz	30	10	3	93	7	2.4623655913978495
maze30_10_4.mz	30	10	4	99	1	0.3333333333333333
maze30_10_5.mz	30	10	5	97	3	0.9690721649484536
maze30_10_6.mz	30	10	6	93	7	1.3870967741935485
maze30_10_7.mz	30	10	7	78	22	5.076923076923077
maze30_10_8.mz	30	10	8	82	18	4.304878048780488
maze30_10_9.mz	30	10	9	96	4	1.9479166666666667
maze30_15_0.mz	30	15	0	100	0	0.63
maze30_15_1.mz	30	15	1	94	6	1.4042553191489362
maze30_15_2.mz	30	15	2	98	2	1.5408163265306123
maze30_15_3.mz	30	15	3	93	7	1.8602150537634408
maze30_15_4.mz	30	15	4	87	13	2.6091954022988504
maze30_15_5.mz	30	15	5	89	11	3.3707865168539324
maze30_15_6.mz	30	15	6	88	12	2.8636363636363638
maze30_15_7.mz	30	15	7	98	2	1.6938775510204083
maze30_15_8.mz	30	15	8	79	21	4.493670886075949
maze30_15_9.mz	30	15	9	73	27	4.780821917808219
maze40_5_0.mz	40	5	0	59	41	6.389830508474576
maze40_5_1.mz	40	5	1	60	40	7.116666666666666
maze40_5_2.mz	40	5	2	98	2	0.4387755102040816
maze40_5_3.mz	40	5	3	96	4	1.03125
maze40_5_4.mz	40	5	4	86	14	3.5930232558139537
maze40_5_5.mz	40	5	5	87	13	4.344827586206897
maze40_5_6.mz	40	5	6	82	18	3.8780487804878048
maze40_5_7.mz	40	5	7	75	25	4.32
maze40_5_8.mz	40	5	8	97	3	1.1237113402061856
maze40_5_9.mz	40	5	9	97	3	1.4948453608247423
maze40_10_0.mz	40	10	0	86	14	4.686046511627907
maze40_10_1.mz	40	10	1	92	8	1.7608695652173914
maze40_10_2.mz	40	10	2	96	4	0.7395833333333334
maze40_10_3.mz	40	10	3	94	6	2.5
maze40_10_4.mz	40	10	4	92	8	3.4130434782608696
maze40_10_5.mz	40	10	5	95	5	2.9263157894736844
maze40_10_6.mz	40	10	6	87	13	3.7241379310344827
maze40_10_7.mz	40	10	7	91	9	2.5714285714285716
maze40_10_8.mz	40	10	8	82	18	4.987804878048781
maze40_10_9.mz	40	10	9	90	10	2.388888888888889
maze40_20_0.mz	40	20	0	64	36	7.78125
maze40_20_1.mz	40	20	1	58	42	5.982758620689655
maze40_20_2.mz	40	20	2	86	14	4.069767441860465
maze40_20_3.mz	40	20	3	87	13	2.5517241379310347
maze40_20_4.mz	40	20	4	54	46	7.481481481481482
maze40_20_5.mz	40	20	5	90	10	3.911111111111111
maze40_20_6.mz	40	20	6	94	6	1.0425531914893618
maze40_20_7.mz	40	20	7	95	5	1.0736842105263158
maze40_20_8.mz	40	20	8	96	4	1.4375
maze40_20_9.mz	40	20	9	78	22	4.32051282051282
maze50_5_0.mz	50	5	0	72	28	6.916666666666667
maze50_5_1.mz	50	5	1	85	15	3.823529411764706
maze50_5_2.mz	50	5	2	64	36	8.53125
maze50_5_3.mz	50	5	3	75	25	4.653333333333333
maze50_5_4.mz	50	5	4	100	0	0.06
maze50_5_5.mz	50	5	5	82	18	4.097560975609756
maze50_5_6.mz	50	5	6	92	8	2.9565217391304346
maze50_5_7.mz	50	5	7	70	30	5.614285714285714
maze50_5_8.mz	50	5	8	56	44	10.767857142857142
maze50_5_9.mz	50	5	9	75	25	5.226666666666667
maze50_10_0.mz	50	10	0	64	36	7.890625
maze50_10_1.mz	50	10	1	92	8	2.75
maze50_10_2.mz	50	10	2	87	13	4.64367816091954
maze50_10_3.mz	50	10	3	75	25	6.213333333333333
maze50_10_4.mz	50	10	4	98	2	1.4183673469387754
maze50_10_5.mz	50	10	5	90	10	1.9111111111111112
maze50_10_6.mz	50	10	6	97	3	0.9175257731958762
maze50_10_7.mz	50	10	7	94	6	2.9574468085106385
maze50_10_8.mz	50	10	8	46	54	9.521739130434783
maze50_10_9.mz	50	10	9	84	16	4.321428571428571
maze60_5_0.mz	60	5	0	86	14	4.848837209302325
maze60_5_1.mz	60	5	1	90	10	4.355555555555555
maze60_5_2.mz	60	5	2	74	26	5.243243243243243
maze60_5_3.mz	60	5	3	41	59	8.975609756097562
maze60_5_4.mz	60	5	4	100	0	0.28
maze60_5_5.mz	60	5	5	80	20	4.9625
maze60_5_6.mz	60	5	6	100	0	1.02
maze60_5_7.mz	60	5	7	55	45	7.618181818181818
maze60_5_8.mz	60	5	8	68	32	6.294117647058823
maze60_5_9.mz	60	5	9	87	13	2.3793103448275863
maze60_10_0.mz	60	10	0	83	17	4.951807228915663
maze60_10_1.mz	60	10	1	75	25	7.6
maze60_10_2.mz	60	10	2	87	13	4.471264367816092
maze60_10_3.mz	60	10	3	74	26	6.472972972972973
maze60_10_4.mz	60	10	4	97	3	1.3917525773195876
maze60_10_5.mz	60	10	5	60	40	6.733333333333333
maze60_10_6.mz	60	10	6	64	36	6.21875
maze60_10_7.mz	60	10	7	81	19	3.0
maze60_10_8.mz	60	10	8	70	30	9.085714285714285
maze60_10_9.mz	60	10	9	77	23	4.9480519480519485
maze60_15_0.mz	60	15	0	79	21	5.936708860759493
maze60_15_1.mz	60	15	1	55	45	8.6
maze60_15_2.mz	60	15	2	88	12	3.0795454545454546
maze60_15_3.mz	60	15	3	93	7	1.2258064516129032
maze60_15_4.mz	60	15	4	92	8	2.9130434782608696
maze60_15_5.mz	60	15	5	45	55	11.2
maze60_15_6.mz	60	15	6	56	44	8.928571428571429
maze60_15_7.mz	60	15	7	98	2	1.2346938775510203
maze60_15_8.mz	60	15	8	67	33	5.880597014925373
maze60_15_9.mz	60	15	9	58	42	8.775862068965518
maze60_20_0.mz	60	20	0	99	1	1.2323232323232323
maze60_20_1.mz	60	20	1	80	20	5.75
maze60_20_2.mz	60	20	2	47	53	10.02127659574468
maze60_20_3.mz	60	20	3	96	4	2.21875
maze60_20_4.mz	60	20	4	63	37	6.9523809523809526
maze60_20_5.mz	60	20	5	82	18	4.951219512195122
maze60_20_6.mz	60	20	6	41	59	8.878048780487806
maze60_20_7.mz	60	20	7	70	30	5.585714285714285
maze60_20_8.mz	60	20	8	43	57	11.232558139534884
maze60_20_9.mz	60	20	9	68	32	7.5
maze70_5_0.mz	70	5	0	74	26	5.3108108108108105
maze70_5_1.mz	70	5	1	77	23	6.428571428571429
maze70_5_2.mz	70	5	2	84	16	4.321428571428571
maze70_5_3.mz	70	5	3	76	24	7.7631578947368425
maze70_5_4.mz	70	5	4	89	11	3.730337078651685
maze70_5_5.mz	70	5	5	45	55	8.266666666666667
maze70_5_6.mz	70	5	6	100	0	1.2
maze70_5_7.mz	70	5	7	69	31	6.449275362318841
maze70_5_8.mz	70	5	8	66	34	7.2272727272727275
maze70_5_9.mz	70	5	9	21	79	12.285714285714286
maze70_10_0.mz	70	10	0	76	24	7.526315789473684
maze70_10_1.mz	70	10	1	88	12	3.272727272727273
maze70_10_2.mz	70	10	2	75	25	5.1466666666666665
maze70_10_3.mz	70	10	3	91	9	2.021978021978022
maze70_10_4.mz	70	10	4	56	44	9.607142857142858
maze70_10_5.mz	70	10	5	80	20	6.2375
maze70_10_6.mz	70	10	6	96	4	0.34375
maze70_10_7.mz	70	10	7	96	4	1.8229166666666667
maze70_10_8.mz	70	10	8	89	11	2.067415730337079
maze70_10_9.mz	70	10	9	72	28	4.222222222222222
maze80_5_0.mz	80	5	0	73	27	6.397260273972603
maze80_5_1.mz	80	5	1	68	32	5.0588235294117645
maze80_5_2.mz	80	5	2	81	19	5.851851851851852
maze80_5_3.mz	80	5	3	52	48	10.01923076923077
maze80_5_4.mz	80	5	4	94	6	2.4574468085106385
maze80_5_5.mz	80	5	5	57	43	7.456140350877193
maze80_5_6.mz	80	5	6	55	45	9.036363636363637
maze80_5_7.mz	80	5	7	44	56	11.818181818181818
maze80_5_8.mz	80	5	8	77	23	5.415584415584416
maze80_5_9.mz	80	5	9	56	44	8.0
maze80_10_0.mz	80	10	0	14	86	18.571428571428573
maze80_10_1.mz	80	10	1	73	27	6.47945205479452
maze80_10_2.mz	80	10	2	93	7	1.8709677419354838
maze80_10_3.mz	80	10	3	84	16	4.559523809523809
maze80_10_4.mz	80	10	4	58	42	7.396551724137931
maze80_10_5.mz	80	10	5	80	20	3.8625
maze80_10_6.mz	80	10	6	28	72	10.857142857142858
maze80_10_7.mz	80	10	7	96	4	1.7083333333333333
maze80_10_8.mz	80	10	8	84	16	5.416666666666667
maze80_10_9.mz	80	10	9	48	52	9.1875
maze80_20_0.mz	80	20	0	76	24	6.381578947368421
maze80_20_1.mz	80	20	1	25	75	12.76
maze80_20_2.mz	80	20	2	93	7	3.6129032258064515
maze80_20_3.mz	80	20	3	42	58	9.238095238095237
maze80_20_4.mz	80	20	4	79	21	4.708860759493671
maze80_20_5.mz	80	20	5	69	31	7.63768115942029
maze80_20_6.mz	80	20	6	55	45	7.9818181818181815
maze80_20_7.mz	80	20	7	24	76	7.708333333333333
maze80_20_8.mz	80	20	8	61	39	6.60655737704918
maze80_20_9.mz	80	20	9	10	90	15.4
maze90_5_0.mz	90	5	0	46	54	8.152173913043478
maze90_5_1.mz	90	5	1	5	95	16.8
maze90_5_2.mz	90	5	2	76	24	7.131578947368421
maze90_5_3.mz	90	5	3	50	50	9.0
maze90_5_4.mz	90	5	4	67	33	6.776119402985074
maze90_5_5.mz	90	5	5	63	37	7.26984126984127
maze90_5_6.mz	90	5	6	90	10	2.7444444444444445
maze90_5_7.mz	90	5	7	48	52	9.041666666666666
maze90_5_8.mz	90	5	8	61	39	8.40983606557377
maze90_5_9.mz	90	5	9	14	86	13.428571428571429
maze90_10_0.mz	90	10	0	91	9	3.967032967032967
maze90_10_1.mz	90	10	1	81	19	3.6790123456790123
maze90_10_2.mz	90	10	2	88	12	3.034090909090909
maze90_10_3.mz	90	10	3	72	28	7.277777777777778
maze90_10_4.mz	90	10	4	79	21	8.227848101265822
maze90_10_5.mz	90	10	5	34	66	10.294117647058824
maze90_10_6.mz	90	10	6	97	3	1.7216494845360826
maze90_10_7.mz	90	10	7	57	43	7.157894736842105
maze90_10_8.mz	90	10	8	69	31	6.811594202898551
maze90_10_9.mz	90	10	9	44	56	6.636363636363637
maze90_15_0.mz	90	15	0	89	11	1.7752808988764044
maze90_15_1.mz	90	15	1	89	11	3.1235955056179776
maze90_15_2.mz	90	15	2	82	18	3.3536585365853657
maze90_15_3.mz	90	15	3	68	32	7.411764705882353
maze90_15_4.mz	90	15	4	87	13	3.4597701149425286
maze90_15_5.mz	90	15	5	81	19	7.703703703703703
maze90_15_6.mz	90	15	6	14	86	13.214285714285714
maze90_15_7.mz	90	15	7	76	24	5.4868421052631575
maze90_15_8.mz	90	15	8	93	7	2.5806451612903225
maze90_15_9.mz	90	15	9	85	15	4.435294117647059
maze100_5_0.mz	100	5	0	40	60	6.35
maze100_5_1.mz	100	5	1	29	71	8.551724137931034
maze100_5_2.mz	100	5	2	2	98	18.0
maze100_5_3.mz	100	5	3	56	44	7.571428571428571
maze100_5_4.mz	100	5	4	64	36	10.109375
maze100_5_5.mz	100	5	5	91	9	2.21978021978022
maze100_5_6.mz	100	5	6	72	28	7.319444444444445
maze100_5_7.mz	100	5	7	15	85	11.133333333333333
maze100_5_8.mz	100	5	8	66	34	6.833333333333333
maze100_5_9.mz	100	5	9	14	86	15.285714285714286
maze100_10_0.mz	100	10	0	77	23	6.259740259740259
maze100_10_1.mz	100	10	1	76	24	7.4605263157894735
maze100_10_2.mz	100	10	2	44	56	8.431818181818182
maze100_10_3.mz	100	10	3	69	31	5.521739130434782
maze100_10_4.mz	100	10	4	96	4	1.0520833333333333
maze100_10_5.mz	100	10	5	83	17	3.1566265060240966
maze100_10_6.mz	100	10	6	91	9	4.7032967032967035
maze100_10_7.mz	100	10	7	9	91	14.11111111111111
maze100_10_8.mz	100	10	8	85	15	4.247058823529412
maze100_10_9.mz	100	10	9	14	86	8.142857142857142
maze100_20_0.mz	100	20	0	92	8	1.5434782608695652
maze100_20_1.mz	100	20	1	32	68	12.5625
maze100_20_2.mz	100	20	2	31	69	10.096774193548388
maze100_20_3.mz	100	20	3	59	41	10.423728813559322
maze100_20_4.mz	100	20	4	41	59	9.634146341463415
maze100_20_5.mz	100	20	5	35	65	13.571428571428571
maze100_20_6.mz	100	20	6	30	70	12.0
maze100_20_7.mz	100	20	7	51	49	9.705882352941176
maze100_20_8.mz	100	20	8	98	2	0.6326530612244898
maze100_20_9.mz	100	20	9	19	81	13.842105263157896
maze110_5_0.mz	110	5	0	22	78	13.272727272727273
maze110_5_1.mz	110	5	1	71	29	7.915492957746479
maze110_5_2.mz	110	5	2	31	69	12.096774193548388
maze110_5_3.mz	110	5	3	22	78	16.727272727272727
maze110_5_4.mz	110	5	4	27	73	8.62962962962963
maze110_5_5.mz	110	5	5	39	61	9.794871794871796
maze110_5_6.mz	110	5	6	69	31	5.956521739130435
maze110_5_7.mz	110	5	7	21	79	14.523809523809524
maze110_5_8.mz	110	5	8	28	72	11.035714285714286
maze110_5_9.mz	110	5	9	51	49	7.901960784313726
maze110_10_0.mz	110	10	0	94	6	2.617021276595745
maze110_10_1.mz	110	10	1	69	31	8.478260869565217
maze110_10_2.mz	110	10	2	82	18	6.695121951219512
maze110_10_3.mz	110	10	3	72	28	7.597222222222222
maze110_10_4.mz	110	10	4	1	99	3.0
maze110_10_5.mz	110	10	5	89	11	3.7752808988764044
maze110_10_6.mz	110	10	6	54	46	7.518518518518518
maze110_10_7.mz	110	10	7	29	71	11.689655172413794
maze110_10_8.mz	110	10	8	49	51	8.653061224489797
maze110_10_9.mz	110	10	9	38	62	10.105263157894736
maze120_5_0.mz	120	5	0	2	98	15.0
maze120_5_1.mz	120	5	1	24	76	12.75
maze120_5_2.mz	120	5	2	14	86	15.285714285714286
maze120_5_3.mz	120	5	3	29	71	14.862068965517242
maze120_5_4.mz	120	5	4	79	21	8.278481012658228
maze120_5_5.mz	120	5	5	22	78	10.545454545454545
maze120_5_6.mz	120	5	6	39	61	11.23076923076923
maze120_5_7.mz	120	5	7	36	64	11.833333333333334
maze120_5_8.mz	120	5	8	42	58	8.095238095238095
maze120_5_9.mz	120	5	9	72	28	6.972222222222222
maze120_10_0.mz	120	10	0	87	13	3.3793103448275863
maze120_10_1.mz	120	10	1	56	44	9.214285714285714
maze120_10_2.mz	120	10	2	74	26	5.391891891891892
maze120_10_3.mz	120	10	3	84	16	3.1904761904761907
maze120_10_4.mz	120	10	4	77	23	6.246753246753247
maze120_10_5.mz	120	10	5	86	14	5.77906976744186
maze120_10_6.mz	120	10	6	74	26	5.797297297297297
maze120_10_7.mz	120	10	7	93	7	1.5268817204301075
maze120_10_8.mz	120	10	8	17	83	13.529411764705882
maze120_10_9.mz	120	10	9	73	27	6.726027397260274
maze120_15_0.mz	120	15	0	76	24	4.302631578947368
maze120_15_1.mz	120	15	1	47	53	10.574468085106384
maze120_15_2.mz	120	15	2	58	42	9.137931034482758
maze120_15_3.mz	120	15	3	87	13	4.160919540229885
maze120_15_4.mz	120	15	4	93	7	2.5698924731182795
maze120_15_5.mz	120	15	5	49	51	10.326530612244898
maze120_15_6.mz	120	15	6	60	40	6.333333333333333
maze120_15_7.mz	120	15	7	48	52	10.6875
maze120_15_8.mz	120	15	8	35	65	11.228571428571428
maze120_15_9.mz	120	15	9	17	83	14.411764705882353
maze120_20_0.mz	120	20	0	64	36	6.328125
maze120_20_1.mz	120	20	1	72	28	4.791666666666667
maze120_20_2.mz	120	20	2	81	19	4.148148148148148
maze120_20_3.mz	120	20	3	48	52	8.6875
maze120_20_4.mz	120	20	4	13	87	19.307692307692307
maze120_20_5.mz	120	20	5	66	34	7.863636363636363
maze120_20_6.mz	120	20	6	24	76	12.458333333333334
maze120_20_7.mz	120	20	7	10	90	17.8
maze120_20_8.mz	120	20	8	51	49	7.647058823529412
maze120_20_9.mz	120	20	9	55	45	7.254545454545455
maze130_5_0.mz	130	5	0	37	63	10.621621621621621
maze130_5_1.mz	130	5	1	93	7	2.881720430107527
maze130_5_2.mz	130	5	2	58	42	9.586206896551724
maze130_5_3.mz	130	5	3	9	91	12.0
maze130_5_4.mz	130	5	4	54	46	8.222222222222221
maze130_5_5.mz	130	5	5	67	33	6.253731343283582
maze130_5_6.mz	130	5	6	64	36	7.015625
maze130_5_7.mz	130	5	7	78	22	3.730769230769231
maze130_5_8.mz	130	5	8	9	91	15.777777777777779
maze130_5_9.mz	130	5	9	17	83	11.941176470588236
maze130_10_0.mz	130	10	0	74	26	7.175675675675675
maze130_10_1.mz	130	10	1	78	22	6.6923076923076925
maze130_10_2.mz	130	10	2	63	37	8.317460317460318
maze130_10_3.mz	130	10	3	86	14	5.255813953488372
maze130_10_4.mz	130	10	4	93	7	4.913978494623656
maze130_10_5.mz	130	10	5	74	26	6.391891891891892
maze130_10_6.mz	130	10	6	45	55	10.466666666666667
maze130_10_7.mz	130	10	7	85	15	4.0
maze130_10_8.mz	130	10	8	38	62	8.789473684210526
maze130_10_9.mz	130	10	9	81	19	5.827160493827161
maze140_5_0.mz	140	5	0	18	82	17.444444444444443
maze140_5_1.mz	140	5	1	51	49	10.647058823529411
maze140_5_2.mz	140	5	2	55	45	9.727272727272727
maze140_5_3.mz	140	5	3	26	74	12.461538461538462
maze140_5_4.mz	140	5	4	48	52	12.125
maze140_5_5.mz	140	5	5	41	59	7.560975609756097
maze140_5_6.mz	140	5	6	30	70	16.233333333333334
maze140_5_7.mz	140	5	7	9	91	10.0
maze140_5_8.mz	140	5	8	54	46	10.333333333333334
maze140_5_9.mz	140	5	9	44	56	10.340909090909092
maze140_10_0.mz	140	10	0	9	91	16.88888888888889
maze140_10_1.mz	140	10	1	95	5	2.8210526315789473
maze140_10_2.mz	140	10	2	87	13	3.5517241379310347
maze140_10_3.mz	140	10	3	32	68	6.75
maze140_10_4.mz	140	10	4	12	88	11.0
maze140_10_5.mz	140	10	5	84	16	4.690476190476191
maze140_10_6.mz	140	10	6	13	87	10.307692307692308
maze140_10_7.mz	140	10	7	88	12	4.284090909090909
maze140_10_8.mz	140	10	8	72	28	6.75
maze140_10_9.mz	140	10	9	69	31	8.08695652173913
maze140_20_0.mz	140	20	0	51	49	8.549019607843137
maze140_20_1.mz	140	20	1	17	83	13.705882352941176
maze140_20_2.mz	140	20	2	28	72	10.678571428571429
maze140_20_3.mz	140	20	3	31	69	11.193548387096774
maze140_20_4.mz	140	20	4	39	61	8.512820512820513
maze140_20_5.mz	140	20	5	91	9	5.78021978021978
maze140_20_6.mz	140	20	6	24	76	9.75
maze140_20_7.mz	140	20	7	46	54	9.08695652173913
maze140_20_8.mz	140	20	8	25	75	13.48
maze140_20_9.mz	140	20	9	45	55	9.422222222222222
maze150_5_0.mz	150	5	0	14	86	11.571428571428571
maze150_5_1.mz	150	5	1	54	46	7.203703703703703
maze150_5_2.mz	150	5	2	4	96	16.0
maze150_5_3.mz	150	5	3	42	58	11.0
maze150_5_4.mz	150	5	4	1	99	29.0
maze150_5_5.mz	150	5	5	57	43	7.824561403508772
maze150_5_6.mz	150	5	6	11	89	12.727272727272727
maze150_5_7.mz	150	5	7	0	100	NaN
maze150_5_8.mz	150	5	8	32	68	10.15625
maze150_5_9.mz	150	5	9	9	91	18.11111111111111
maze150_10_0.mz	150	10	0	50	50	9.42
maze150_10_1.mz	150	10	1	11	89	14.545454545454545
maze150_10_2.mz	150	10	2	11	89	14.818181818181818
maze150_10_3.mz	150	10	3	89	11	4.651685393258427
maze150_10_4.mz	150	10	4	34	66	9.911764705882353
maze150_10_5.mz	150	10	5	79	21	4.3544303797468356
maze150_10_6.mz	150	10	6	43	57	9.44186046511628
maze150_10_7.mz	150	10	7	18	82	13.333333333333334
maze150_10_8.mz	150	10	8	25	75	10.56
maze150_10_9.mz	150	10	9	46	54	8.782608695652174
maze150_15_0.mz	150	15	0	10	90	20.6
maze150_15_1.mz	150	15	1	62	38	6.145161290322581
maze150_15_2.mz	150	15	2	55	45	9.618181818181819
maze150_15_3.mz	150	15	3	45	55	10.444444444444445
maze150_15_4.mz	150	15	4	50	50	10.74
maze150_15_5.mz	150	15	5	79	21	4.569620253164557
maze150_15_6.mz	150	15	6	56	44	10.196428571428571
maze150_15_7.mz	150	15	7	66	34	4.787878787878788
maze150_15_8.mz	150	15	8	15	85	7.133333333333334
maze150_15_9.mz	150	15	9	74	26	6.297297297297297
maze160_5_0.mz	160	5	0	33	67	10.484848484848484
maze160_5_1.mz	160	5	1	30	70	10.733333333333333
maze160_5_2.mz	160	5	2	16	84	13.5625
maze160_5_3.mz	160	5	3	9	91	10.444444444444445
maze160_5_4.mz	160	5	4	17	83	11.0
maze160_5_5.mz	160	5	5	44	56	9.5
maze160_5_6.mz	160	5	6	1	99	2.0
maze160_5_7.mz	160	5	7	63	37	7.26984126984127
maze160_5_8.mz	160	5	8	3	97	14.333333333333334
maze160_5_9.mz	160	5	9	23	77	15.130434782608695
maze160_10_0.mz	160	10	0	66	34	8.727272727272727
maze160_10_1.mz	160	10	1	22	78	11.0
maze160_10_2.mz	160	10	2	71	29	5.436619718309859
maze160_10_3.mz	160	10	3	39	61	8.128205128205128
maze160_10_4.mz	160	10	4	38	62	11.026315789473685
maze160_10_5.mz	160	10	5	3	97	14.666666666666666
maze160_10_6.mz	160	10	6	55	45	9.545454545454545
maze160_10_7.mz	160	10	7	81	19	5.691358024691358
maze160_10_8.mz	160	10	8	6	94	17.166666666666668
maze160_10_9.mz	160	10	9	32	68	9.125
maze160_20_0.mz	160	20	0	5	95	16.4
maze160_20_1.mz	160	20	1	59	41	7.983050847457627
maze160_20_2.mz	160	20	2	17	83	12.470588235294118
maze160_20_3.mz	160	20	3	25	75	11.92
maze160_20_4.mz	160	20	4	95	5	1.1368421052631579
maze160_20_5.mz	160	20	5	60	40	7.283333333333333
maze160_20_6.mz	160	20	6	27	73	11.88888888888889
maze160_20_7.mz	160	20	7	10	90	10.9
maze160_20_8.mz	160	20	8	7	93	17.857142857142858
maze160_20_9.mz	160	20	9	53	47	8.056603773584905
maze170_5_0.mz	170	5	0	16	84	10.9375
maze170_5_1.mz	170	5	1	32	68	10.25
maze170_5_2.mz	170	5	2	1	99	5.0
maze170_5_3.mz	170	5	3	1	99	25.0
maze170_5_4.mz	170	5	4	8	92	19.125
maze170_5_5.mz	170	5	5	1	99	12.0
maze170_5_6.mz	170	5	6	33	67	11.787878787878787
maze170_5_7.mz	170	5	7	41	59	10.0
maze170_5_8.mz	170	5	8	0	100	NaN
maze170_5_9.mz	170	5	9	1	99	7.0
maze170_10_0.mz	170	10	0	88	12	3.5795454545454546
maze170_10_1.mz	170	10	1	16	84	12.6875
maze170_10_2.mz	170	10	2	13	87	14.846153846153847
maze170_10_3.mz	170	10	3	1	99	32.0
maze170_10_4.mz	170	10	4	87	13	3.4942528735632186
maze170_10_5.mz	170	10	5	0	100	NaN
maze170_10_6.mz	170	10	6	93	7	3.2795698924731185
maze170_10_7.mz	170	10	7	20	80	13.15
maze170_10_8.mz	170	10	8	36	64	11.444444444444445
maze170_10_9.mz	170	10	9	86	14	4.441860465116279
maze180_5_0.mz	180	5	0	0	100	NaN
maze180_5_1.mz	180	5	1	7	93	12.857142857142858
maze180_5_2.mz	180	5	2	22	78	11.454545454545455
maze180_5_3.mz	180	5	3	6	94	17.0
maze180_5_4.mz	180	5	4	0	100	NaN
maze180_5_5.mz	180	5	5	2	98	12.0
maze180_5_6.mz	180	5	6	14	86	14.0
maze180_5_7.mz	180	5	7	22	78	10.272727272727273
maze180_5_8.mz	180	5	8	1	99	2.0
maze180_5_9.mz	180	5	9	4	96	7.0
maze180_10_0.mz	180	10	0	10	90	13.1
maze180_10_1.mz	180	10	1	50	50	9.8
maze180_10_2.mz	180	10	2	22	78	12.136363636363637
maze180_10_3.mz	180	10	3	57	43	8.719298245614034
maze180_10_4.mz	180	10	4	24	76	12.791666666666666
maze180_10_5.mz	180	10	5	61	39	6.950819672131147
maze180_10_6.mz	180	10	6	63	37	6.714285714285714
maze180_10_7.mz	180	10	7	21	79	13.666666666666666
maze180_10_8.mz	180	10	8	34	66	11.735294117647058
maze180_10_9.mz	180	10	9	8	92	12.25
maze180_15_0.mz	180	15	0	0	100	NaN
maze180_15_1.mz	180	15	1	22	78	9.363636363636363
maze180_15_2.mz	180	15	2	5	95	13.6
maze180_15_3.mz	180	15	3	91	9	2.2967032967032965
maze180_15_4.mz	180	15	4	7	93	13.571428571428571
maze180_15_5.mz	180	15	5	65	35	8.8
maze180_15_6.mz	180	15	6	22	78	8.772727272727273
maze180_15_7.mz	180	15	7	58	42	8.086206896551724
maze180_15_8.mz	180	15	8	96	4	1.3541666666666667
maze180_15_9.mz	180	15	9	73	27	7.4520547945205475
maze180_20_0.mz	180	20	0	13	87	16.0
maze180_20_1.mz	180	20	1	5	95	11.2
maze180_20_2.mz	180	20	2	3	97	8.0
maze180_20_3.mz	180	20	3	1	99	10.0
maze180_20_4.mz	180	20	4	5	95	15.2
maze180_20_5.mz	180	20	5	31	69	11.096774193548388
maze180_20_6.mz	180	20	6	74	26	6.9324324324324325
maze180_20_7.mz	180	20	7	1	99	2.0
maze180_20_8.mz	180	20	8	1	99	25.0
maze180_20_9.mz	180	20	9	13	87	12.23076923076923
maze190_5_0.mz	190	5	0	2	98	7.0
maze190_5_1.mz	190	5	1	54	46	10.185185185185185
maze190_5_2.mz	190	5	2	10	90	13.6
maze190_5_3.mz	190	5	3	21	79	14.666666666666666
maze190_5_4.mz	190	5	4	16	84	12.875
maze190_5_5.mz	190	5	5	27	73	12.444444444444445
maze190_5_6.mz	190	5	6	24	76	14.125
maze190_5_7.mz	190	5	7	5	95	13.2
maze190_5_8.mz	190	5	8	0	100	NaN
maze190_5_9.mz	190	5	9	43	57	9.55813953488372
maze190_10_0.mz	190	10	0	63	37	6.603174603174603
maze190_10_1.mz	190	10	1	70	30	6.9
maze190_10_2.mz	190	10	2	13	87	14.076923076923077
maze190_10_3.mz	190	10	3	59	41	6.864406779661017
maze190_10_4.mz	190	10	4	1	99	13.0
maze190_10_5.mz	190	10	5	42	58	10.738095238095237
maze190_10_6.mz	190	10	6	3	97	21.333333333333332
maze190_10_7.mz	190	10	7	97	3	1.0515463917525774
maze190_10_8.mz	190	10	8	0	100	NaN
maze190_10_9.mz	190	10	9	17	83	10.352941176470589
maze200_5_0.mz	200	5	0	0	100	NaN
maze200_5_1.mz	200	5	1	4	96	7.0
maze200_5_2.mz	200	5	2	3	97	20.0
maze200_5_3.mz	200	5	3	60	40	5.1
maze200_5_4.mz	200	5	4	4	96	25.25
maze200_5_5.mz	200	5	5	0	100	NaN
maze200_5_6.mz	200	5	6	30	70	11.333333333333334
maze200_5_7.mz	200	5	7	3	97	13.333333333333334
maze200_5_8.mz	200	5	8	0	100	NaN
maze200_5_9.mz	200	5	9	0	100	NaN
maze200_10_0.mz	200	10	0	21	79	15.142857142857142
maze200_10_1.mz	200	10	1	85	15	4.705882352941177
maze200_10_2.mz	200	10	2	14	86	15.0
maze200_10_3.mz	200	10	3	76	24	4.881578947368421
maze200_10_4.mz	200	10	4	72	28	6.652777777777778
maze200_10_5.mz	200	10	5	0	100	NaN
maze200_10_6.mz	200	10	6	78	22	5.987179487179487
maze200_10_7.mz	200	10	7	3	97	18.0
maze200_10_8.mz	200	10	8	54	46	9.425925925925926
maze200_10_9.mz	200	10	9	68	32	9.044117647058824
maze200_20_0.mz	200	20	0	15	85	14.866666666666667
maze200_20_1.mz	200	20	1	41	59	10.487804878048781
maze200_20_2.mz	200	20	2	38	62	12.31578947368421
maze200_20_3.mz	200	20	3	9	91	10.444444444444445
maze200_20_4.mz	200	20	4	52	48	10.961538461538462
maze200_20_5.mz	200	20	5	9	91	16.0
maze200_20_6.mz	200	20	6	77	23	4.428571428571429
maze200_20_7.mz	200	20	7	30	70	11.1
maze200_20_8.mz	200	20	8	1	99	4.0
maze200_20_9.mz	200	20	9	13	87	10.153846153846153
maze210_5_0.mz	210	5	0	0	100	NaN
maze210_5_1.mz	210	5	1	32	68	10.0
maze210_5_2.mz	210	5	2	15	85	16.533333333333335
maze210_5_3.mz	210	5	3	9	91	20.444444444444443
maze210_5_4.mz	210	5	4	0	100	NaN
maze210_5_5.mz	210	5	5	0	100	NaN
maze210_5_6.mz	210	5	6	1	99	4.0
maze210_5_7.mz	210	5	7	0	100	NaN
maze210_5_8.mz	210	5	8	52	48	8.173076923076923
maze210_5_9.mz	210	5	9	4	96	9.0
maze210_10_0.mz	210	10	0	35	65	12.257142857142858
maze210_10_1.mz	210	10	1	65	35	8.953846153846154
maze210_10_2.mz	210	10	2	20	80	12.5
maze210_10_3.mz	210	10	3	25	75	13.32
maze210_10_4.mz	210	10	4	20	80	12.7
maze210_10_5.mz	210	10	5	3	97	17.666666666666668
maze210_10_6.mz	210	10	6	23	77	10.695652173913043
maze210_10_7.mz	210	10	7	58	42	9.051724137931034
maze210_10_8.mz	210	10	8	6	94	16.5
maze210_10_9.mz	210	10	9	40	60	9.5
maze210_15_0.mz	210	15	0	5	95	14.0
maze210_15_1.mz	210	15	1	5	95	13.6
maze210_15_2.mz	210	15	2	49	51	8.204081632653061
maze210_15_3.mz	210	15	3	21	79	15.619047619047619
maze210_15_4.mz	210	15	4	13	87	5.384615384615385
maze210_15_5.mz	210	15	5	39	61	10.461538461538462
maze210_15_6.mz	210	15	6	71	29	8.47887323943662
maze210_15_7.mz	210	15	7	61	39	5.918032786885246
maze210_15_8.mz	210	15	8	33	67	12.909090909090908
maze210_15_9.mz	210	15	9	22	78	9.954545454545455
maze220_5_0.mz	220	5	0	5	95	17.6
maze220_5_1.mz	220	5	1	0	100	NaN
maze220_5_2.mz	220	5	2	3	97	14.0
maze220_5_3.mz	220	5	3	0	100	NaN
maze220_5_4.mz	220	5	4	5	95	13.6
maze220_5_5.mz	220	5	5	1	99	13.0
maze220_5_6.mz	220	5	6	0	100	NaN
maze220_5_7.mz	220	5	7	0	100	NaN
maze220_5_8.mz	220	5	8	1	99	21.0
maze220_5_9.mz	220	5	9	18	82	14.38888888888889
maze220_10_0.mz	220	10	0	13	87	15.307692307692308
maze220_10_1.mz	220	10	1	46	54	8.652173913043478
maze220_10_2.mz	220	10	2	11	89	17.545454545454547
maze220_10_3.mz	220	10	3	6	94	15.666666666666666
maze220_10_4.mz	220	10	4	27	73	11.222222222222221
maze220_10_5.mz	220	10	5	26	74	10.653846153846153
maze220_10_6.mz	220	10	6	2	98	8.5
maze220_10_7.mz	220	10	7	79	21	4.0886075949367084
maze220_10_8.mz	220	10	8	1	99	32.0
maze220_10_9.mz	220	10	9	6	94	10.833333333333334
maze220_20_0.mz	220	20	0	11	89	18.636363636363637
maze220_20_1.mz	220	20	1	97	3	1.1030927835051547
maze220_20_2.mz	220	20	2	41	59	14.926829268292684
maze220_20_3.mz	220	20	3	19	81	12.578947368421053
maze220_20_4.mz	220	20	4	64	36	6.953125
maze220_20_5.mz	220	20	5	64	36	9.109375
maze220_20_6.mz	220	20	6	78	22	6.102564102564102
maze220_20_7.mz	220	20	7	45	55	8.844444444444445
maze220_20_8.mz	220	20	8	41	59	11.536585365853659
maze220_20_9.mz	220	20	9	14	86	11.285714285714286
maze230_5_0.mz	230	5	0	0	100	NaN
maze230_5_1.mz	230	5	1	1	99	13.0
maze230_5_2.mz	230	5	2	25	75	12.52
maze230_5_3.mz	230	5	3	0	100	NaN
maze230_5_4.mz	230	5	4	13	87	17.615384615384617
maze230_5_5.mz	230	5	5	3	97	12.0
maze230_5_6.mz	230	5	6	12	88	14.166666666666666
maze230_5_7.mz	230	5	7	0	100	NaN
maze230_5_8.mz	230	5	8	0	100	NaN
maze230_5_9.mz	230	5	9	0	100	NaN
maze230_10_0.mz	230	10	0	32	68	12.0625
maze230_10_1.mz	230	10	1	9	91	16.333333333333332
maze230_10_2.mz	230	10	2	9	91	18.555555555555557
maze230_10_3.mz	230	10	3	49	51	10.428571428571429
maze230_10_4.mz	230	10	4	33	67	10.030303030303031
maze230_10_5.mz	230	10	5	27	73	13.518518518518519
maze230_10_6.mz	230	10	6	65	35	7.492307692307692
maze230_10_7.mz	230	10	7	83	17	4.349397590361446
maze230_10_8.mz	230	10	8	68	32	9.941176470588236
maze230_10_9.mz	230	10	9	0	100	NaN
maze240_5_0.mz	240	5	0	0	100	NaN
maze240_5_1.mz	240	5	1	0	100	NaN
maze240_5_2.mz	240	5	2	1	99	1.0
maze240_5_3.mz	240	5	3	0	100	NaN
maze240_5_4.mz	240	5	4	0	100	NaN
maze240_5_5.mz	240	5	5	23	77	16.17391304347826
maze240_5_6.mz	240	5	6	28	72	13.25
maze240_5_7.mz	240	5	7	0	100	NaN
maze240_5_8.mz	240	5	8	14	86	13.714285714285714
maze240_5_9.mz	240	5	9	2	98	3.0
maze240_10_0.mz	240	10	0	0	100	NaN
maze240_10_1.mz	240	10	1	2	98	24.5
maze240_10_2.mz	240	10	2	26	74	16.153846153846153
maze240_10_3.mz	240	10	3	70	30	5.8
maze240_10_4.mz	240	10	4	35	65	10.6
maze240_10_5.mz	240	10	5	8	92	15.875
maze240_10_6.mz	240	10	6	22	78	9.863636363636363
maze240_10_7.mz	240	10	7	14	86	13.5
maze240_10_8.mz	240	10	8	88	12	3.7954545454545454
maze240_10_9.mz	240	10	9	3	97	23.333333333333332
maze240_15_0.mz	240	15	0	78	22	5.858974358974359
maze240_15_1.mz	240	15	1	32	68	13.28125
maze240_15_2.mz	240	15	2	38	62	10.394736842105264
maze240_15_3.mz	240	15	3	74	26	4.648648648648648
maze240_15_4.mz	240	15	4	2	98	23.0
maze240_15_5.mz	240	15	5	91	9	5.274725274725275
maze240_15_6.mz	240	15	6	37	63	10.324324324324325
maze240_15_7.mz	240	15	7	5	95	13.0
maze240_15_8.mz	240	15	8	33	67	12.848484848484848
maze240_15_9.mz	240	15	9	15	85	11.6
maze240_20_0.mz	240	20	0	62	38	5.306451612903226
maze240_20_1.mz	240	20	1	66	34	7.5606060606060606
maze240_20_2.mz	240	20	2	15	85	12.733333333333333
maze240_20_3.mz	240	20	3	5	95	15.6
maze240_20_4.mz	240	20	4	10	90	11.4
maze240_20_5.mz	240	20	5	59	41	7.983050847457627
maze240_20_6.mz	240	20	6	12	88	16.333333333333332
maze240_20_7.mz	240	20	7	25	75	13.36
maze240_20_8.mz	240	20	8	1	99	17.0
maze240_20_9.mz	240	20	9	9	91	14.555555555555555
maze250_5_0.mz	250	5	0	3	97	11.666666666666666
maze250_5_1.mz	250	5	1	0	100	NaN
maze250_5_2.mz	250	5	2	1	99	31.0
maze250_5_3.mz	250	5	3	0	100	NaN
maze250_5_4.mz	250	5	4	9	91	10.666666666666666
maze250_5_5.mz	250	5	5	3	97	21.333333333333332
maze250_5_6.mz	250	5	6	3	97	26.0
maze250_5_7.mz	250	5	7	5	95	11.0
maze250_5_8.mz	250	5	8	0	100	NaN
maze250_5_9.mz	250	5	9	10	90	11.0
maze250_10_0.mz	250	10	0	0	100	NaN
maze250_10_1.mz	250	10	1	55	45	5.472727272727273
maze250_10_2.mz	250	10	2	0	100	NaN
maze250_10_3.mz	250	10	3	3	97	17.666666666666668
maze250_10_4.mz	250	10	4	24	76	10.541666666666666
maze250_10_5.mz	250	10	5	15	85	16.066666666666666
maze250_10_6.mz	250	10	6	19	81	13.052631578947368
maze250_10_7.mz	250	10	7	0	100	NaN
maze250_10_8.mz	250	10	8	4	96	9.25
maze250_10_9.mz	250	10	9	39	61	10.58974358974359
maze260_5_0.mz	260	5	0	2	98	17.0
maze260_5_1.mz	260	5	1	0	100	NaN
maze260_5_2.mz	260	5	2	0	100	NaN
maze260_5_3.mz	260	5	3	14	86	8.285714285714286
maze260_5_4.mz	260	5	4	3	97	9.333333333333334
maze260_5_5.mz	260	5	5	18	82	13.333333333333334
maze260_5_6.mz	260	5	6	8	92	11.0
maze260_5_7.mz	260	5	7	13	87	10.76923076923077
maze260_5_8.mz	260	5	8	43	57	10.534883720930232
maze260_5_9.mz	260	5	9	0	100	NaN
maze260_10_0.mz	260	10	0	0	100	NaN
maze260_10_1.mz	260	10	1	1	99	5.0
maze260_10_2.mz	260	10	2	7	93	7.714285714285714
maze260_10_3.mz	260	10	3	2	98	19.0
maze260_10_4.mz	260	10	4	3	97	19.333333333333332
maze260_10_5.mz	260	10	5	27	73	12.777777777777779
maze260_10_6.mz	260	10	6	5	95	5.8
maze260_10_7.mz	260	10	7	0	100	NaN
maze260_10_8.mz	260	10	8	1	99	30.0
maze260_10_9.mz	260	10	9	0	100	NaN
maze260_20_0.mz	260	20	0	19	81	17.894736842105264
maze260_20_1.mz	260	20	1	7	93	14.0
maze260_20_2.mz	260	20	2	19	81	7.315789473684211
maze260_20_3.mz	260	20	3	0	100	NaN
maze260_20_4.mz	260	20	4	34	66	11.176470588235293
maze260_20_5.mz	260	20	5	0	100	NaN
maze260_20_6.mz	260	20	6	3	97	6.333333333333333
maze260_20_7.mz	260	20	7	7	93	16.714285714285715
maze260_20_8.mz	260	20	8	54	46	7.925925925925926
maze260_20_9.mz	260	20	9	43	57	8.651162790697674
maze270_5_0.mz	270	5	0	0	100	NaN
maze270_5_1.mz	270	5	1	0	100	NaN
maze270_5_2.mz	270	5	2	0	100	NaN
maze270_5_3.mz	270	5	3	2	98	11.5
maze270_5_4.mz	270	5	4	1	99	22.0
maze270_5_5.mz	270	5	5	0	100	NaN
maze270_5_6.mz	270	5	6	0	100	NaN
maze270_5_7.mz	270	5	7	17	83	8.764705882352942
maze270_5_8.mz	270	5	8	0	100	NaN
maze270_5_9.mz	270	5	9	0	100	NaN
maze270_10_0.mz	270	10	0	1	99	4.0
maze270_10_1.mz	270	10	1	86	14	4.837209302325581
maze270_10_2.mz	270	10	2	13	87	8.307692307692308
maze270_10_3.mz	270	10	3	10	90	14.1
maze270_10_4.mz	270	10	4	8	92	10.75
maze270_10_5.mz	270	10	5	2	98	14.5
maze270_10_6.mz	270	10	6	1	99	21.0
maze270_10_7.mz	270	10	7	4	96	13.25
maze270_10_8.mz	270	10	8	11	89	15.181818181818182
maze270_10_9.mz	270	10	9	0	100	NaN
maze270_15_0.mz	270	15	0	17	83	10.941176470588236
maze270_15_1.mz	270	15	1	7	93	17.428571428571427
maze270_15_2.mz	270	15	2	86	14	3.6511627906976742
maze270_15_3.mz	270	15	3	0	100	NaN
maze270_15_4.mz	270	15	4	30	70	10.5
maze270_15_5.mz	270	15	5	6	94	5.333333333333333
maze270_15_6.mz	270	15	6	11	89	17.454545454545453
maze270_15_7.mz	270	15	7	4	96	11.5
maze270_15_8.mz	270	15	8	32	68	12.15625
maze270_15_9.mz	270	15	9	8	92	14.0
maze280_5_0.mz	280	5	0	0	100	NaN
maze280_5_1.mz	280	5	1	2	98	12.0
maze280_5_2.mz	280	5	2	0	100	NaN
maze280_5_3.mz	280	5	3	0	100	NaN
maze280_5_4.mz	280	5	4	0	100	NaN
maze280_5_5.mz	280	5	5	0	100	NaN
maze280_5_6.mz	280	5	6	6	94	18.666666666666668
maze280_5_7.mz	280	5	7	16	84	15.0
maze280_5_8.mz	280	5	8	1	99	11.0
maze280_5_9.mz	280	5	9	0	100	NaN
maze280_10_0.mz	280	10	0	17	83	9.352941176470589
maze280_10_1.mz	280	10	1	27	73	15.88888888888889
maze280_10_2.mz	280	10	2	5	95	16.2
maze280_10_3.mz	280	10	3	11	89	13.363636363636363
maze280_10_4.mz	280	10	4	2	98	15.5
maze280_10_5.mz	280	10	5	15	85	10.0
maze280_10_6.mz	280	10	6	6	94	10.5
maze280_10_7.mz	280	10	7	1	99	14.0
maze280_10_8.mz	280	10	8	3	97	17.333333333333332
maze280_10_9.mz	280	10	9	4	96	14.75
maze280_20_0.mz	280	20	0	1	99	0.0
maze280_20_1.mz	280	20	1	5	95	12.6
maze280_20_2.mz	280	20	2	66	34	6.363636363636363
maze280_20_3.mz	280	20	3	2	98	20.5
maze280_20_4.mz	280	20	4	1	99	1.0
maze280_20_5.mz	280	20	5	61	39	8.62295081967213
maze280_20_6.mz	280	20	6	2	98	28.5
maze280_20_7.mz	280	20	7	0	100	NaN
maze280_20_8.mz	280	20	8	0	100	NaN
maze280_20_9.mz	280	20	9	90	10	3.1444444444444444
maze290_5_0.mz	290	5	0	0	100	NaN
maze290_5_1.mz	290	5	1	0	100	NaN
maze290_5_2.mz	290	5	2	0	100	NaN
maze290_5_3.mz	290	5	3	1	99	20.0
maze290_5_4.mz	290	5	4	0	100	NaN
maze290_5_5.mz	290	5	5	0	100	NaN
maze290_5_6.mz	290	5	6	0	100	NaN
maze290_5_7.mz	290	5	7	46	54	8.869565217391305
maze290_5_8.mz	290	5	8	1	99	27.0
maze290_5_9.mz	290	5	9	0	100	NaN
maze290_10_0.mz	290	10	0	12	88	13.833333333333334
maze290_10_1.mz	290	10	1	16	84	16.4375
maze290_10_2.mz	290	10	2	2	98	28.5
maze290_10_3.mz	290	10	3	7	93	9.285714285714286
maze290_10_4.mz	290	10	4	1	99	22.0
maze290_10_5.mz	290	10	5	26	74	9.346153846153847
maze290_10_6.mz	290	10	6	0	100	NaN
maze290_10_7.mz	290	10	7	36	64	10.805555555555555
maze290_10_8.mz	290	10	8	25	75	12.64
maze290_10_9.mz	290	10	9	25	75	7.96
maze300_5_0.mz	300	5	0	0	100	NaN
maze300_5_1.mz	300	5	1	10	90	14.5
maze300_5_2.mz	300	5	2	0	100	NaN
maze300_5_3.mz	300	5	3	0	100	NaN
maze300_5_4.mz	300	5	4	0	100	NaN
maze300_5_5.mz	300	5	5	0	100	NaN
maze300_5_6.mz	300	5	6	1	99	25.0
maze300_5_7.mz	300	5	7	0	100	NaN
maze300_5_8.mz	300	5	8	0	100	NaN
maze300_5_9.mz	300	5	9	0	100	NaN
maze300_10_0.mz	300	10	0	12	88	14.416666666666666
maze300_10_1.mz	300	10	1	50	50	7.66
maze300_10_2.mz	300	10	2	0	100	NaN
maze300_10_3.mz	300	10	3	29	71	12.586206896551724
maze300_10_4.mz	300	10	4	3	97	17.0
maze300_10_5.mz	300	10	5	8	92	13.25
maze300_10_6.mz	300	10	6	1	99	5.0
maze300_10_7.mz	300	10	7	7	93	11.142857142857142
maze300_10_8.mz	300	10	8	84	16	3.6666666666666665
maze300_10_9.mz	300	10	9	4	96	21.75
maze300_15_0.mz	300	15	0	17	83	12.647058823529411
maze300_15_1.mz	300	15	1	41	59	10.341463414634147
maze300_15_2.mz	300	15	2	79	21	6.1645569620253164
maze300_15_3.mz	300	15	3	8	92	16.5
maze300_15_4.mz	300	15	4	0	100	NaN
maze300_15_5.mz	300	15	5	1	99	13.0
maze300_15_6.mz	300	15	6	60	40	6.933333333333334
maze300_15_7.mz	300	15	7	26	74	8.846153846153847
maze300_15_8.mz	300	15	8	43	57	9.13953488372093
maze300_15_9.mz	300	15	9	1	99	6.0
maze300_20_0.mz	300	20	0	63	37	8.666666666666666
maze300_20_1.mz	300	20	1	20	80	16.8
maze300_20_2.mz	300	20	2	3	97	16.333333333333332
maze300_20_3.mz	300	20	3	13	87	14.384615384615385
maze300_20_4.mz	300	20	4	11	89	7.090909090909091
maze300_20_5.mz	300	20	5	27	73	14.37037037037037
maze300_20_6.mz	300	20	6	0	100	NaN
maze300_20_7.mz	300	20	7	52	48	9.884615384615385
maze300_20_8.mz	300	20	8	1	99	23.0
maze300_20_9.mz	300	20	9	5	95	12.6
maze310_5_0.mz	310	5	0	1	99	31.0
maze310_5_1.mz	310	5	1	0	100	NaN
maze310_5_2.mz	310	5	2	0	100	NaN
maze310_5_3.mz	310	5	3	0	100	NaN
maze310_5_4.mz	310	5	4	0	100	NaN
maze310_5_5.mz	310	5	5	0	100	NaN
maze310_5_6.mz	310	5	6	0	100	NaN
maze310_5_7.mz	310	5	7	0	100	NaN
maze310_5_8.mz	310	5	8	0	100	NaN
maze310_5_9.mz	310	5	9	12	88	17.083333333333332
maze310_10_0.mz	310	10	0	3	97	14.333333333333334
maze310_10_1.mz	310	10	1	3	97	13.0
maze310_10_2.mz	310	10	2	3	97	14.666666666666666
maze310_10_3.mz	310	10	3	10	90	13.3
maze310_10_4.mz	310	10	4	0	100	NaN
maze310_10_5.mz	310	10	5	44	56	13.522727272727273
maze310_10_6.mz	310	10	6	0	100	NaN
maze310_10_7.mz	310	10	7	9	91	15.444444444444445
maze310_10_8.mz	310	10	8	1	99	25.0
maze310_10_9.mz	310	10	9	0	100	NaN
maze320_5_0.mz	320	5	0	1	99	34.0
maze320_5_1.mz	320	5	1	0	100	NaN
maze320_5_2.mz	320	5	2	0	100	NaN
maze320_5_3.mz	320	5	3	0	100	NaN
maze320_5_4.mz	320	5	4	0	100	NaN
maze320_5_5.mz	320	5	5	0	100	NaN
maze320_5_6.mz	320	5	6	0	100	NaN
maze320_5_7.mz	320	5	7	0	100	NaN
maze320_5_8.mz	320	5	8	0	100	NaN
maze320_5_9.mz	320	5	9	6	94	21.333333333333332
maze320_10_0.mz	320	10	0	0	100	NaN
maze320_10_1.mz	320	10	1	1	99	30.0
maze320_10_2.mz	320	10	2	14	86	12.714285714285714
maze320_10_3.mz	320	10	3	1	99	14.0
maze320_10_4.mz	320	10	4	0	100	NaN
maze320_10_5.mz	320	10	5	0	100	NaN
maze320_10_6.mz	320	10	6	6	94	16.166666666666668
maze320_10_7.mz	320	10	7	0	100	NaN
maze320_10_8.mz	320	10	8	2	98	14.5
maze320_10_9.mz	320	10	9	5	95	7.0
maze320_20_0.mz	320	20	0	49	51	11.877551020408163
maze320_20_1.mz	320	20	1	9	91	12.0
maze320_20_2.mz	320	20	2	33	67	10.212121212121213
maze320_20_3.mz	320	20	3	59	41	8.983050847457626
maze320_20_4.mz	320	20	4	50	50	10.62
maze320_20_5.mz	320	20	5	5	95	18.6
maze320_20_6.mz	320	20	6	41	59	9.048780487804878
maze320_20_7.mz	320	20	7	42	58	9.571428571428571
maze320_20_8.mz	320	20	8	10	90	12.3
maze320_20_9.mz	320	20	9	69	31	4.6231884057971016
maze330_5_0.mz	330	5	0	0	100	NaN
maze330_5_1.mz	330	5	1	1	99	16.0
maze330_5_2.mz	330	5	2	2	98	16.5
maze330_5_3.mz	330	5	3	0	100	NaN
maze330_5_4.mz	330	5	4	0	100	NaN
maze330_5_5.mz	330	5	5	1	99	16.0
maze330_5_6.mz	330	5	6	0	100	NaN
maze330_5_7.mz	330	5	7	0	100	NaN
maze330_5_8.mz	330	5	8	0	100	NaN
maze330_5_9.mz	330	5	9	0	100	NaN
maze330_10_0.mz	330	10	0	2	98	25.0
maze330_10_1.mz	330	10	1	0	100	NaN
maze330_10_2.mz	330	10	2	8	92	15.0
maze330_10_3.mz	330	10	3	64	36	7.265625
maze330_10_4.mz	330	10	4	0	100	NaN
maze330_10_5.mz	330	10	5	3	97	14.0
maze330_10_6.mz	330	10	6	27	73	13.333333333333334
maze330_10_7.mz	330	10	7	21	79	12.952380952380953
maze330_10_8.mz	330	10	8	0	100	NaN
maze330_10_9.mz	330	10	9	0	100	NaN
maze330_15_0.mz	330	15	0	0	100	NaN
maze330_15_1.mz	330	15	1	0	100	NaN
maze330_15_2.mz	330	15	2	17	83	16.11764705882353
maze330_15_3.mz	330	15	3	1	99	23.0
maze330_15_4.mz	330	15	4	1	99	21.0
maze330_15_5.mz	330	15	5	39	61	10.307692307692308
maze330_15_6.mz	330	15	6	21	79	12.428571428571429
maze330_15_7.mz	330	15	7	19	81	11.210526315789474
maze330_15_8.mz	330	15	8	5	95	11.4
maze330_15_9.mz	330	15	9	29	71	10.379310344827585
maze340_5_0.mz	340	5	0	0	100	NaN
maze340_5_1.mz	340	5	1	0	100	NaN
maze340_5_2.mz	340	5	2	2	98	14.5
maze340_5_3.mz	340	5	3	0	100	NaN
maze340_5_4.mz	340	5	4	0	100	NaN
maze340_5_5.mz	340	5	5	0	100	NaN
maze340_5_6.mz	340	5	6	0	100	NaN
maze340_5_7.mz	340	5	7	2	98	2.0
maze340_5_8.mz	340	5	8	0	100	NaN
maze340_5_9.mz	340	5	9	0	100	NaN
maze340_10_0.mz	340	10	0	1	99	22.0
maze340_10_1.mz	340	10	1	6	94	7.666666666666667
maze340_10_2.mz	340	10	2	0	100	NaN
maze340_10_3.mz	340	10	3	2	98	22.5
maze340_10_4.mz	340	10	4	0	100	NaN
maze340_10_5.mz	340	10	5	0	100	NaN
maze340_10_6.mz	340	10	6	1	99	10.0
maze340_10_7.mz	340	10	7	0	100	NaN
maze340_10_8.mz	340	10	8	2	98	17.0
maze340_10_9.mz	340	10	9	5	95	8.8
maze340_20_0.mz	340	20	0	71	29	6.211267605633803
maze340_20_1.mz	340	20	1	17	83	14.176470588235293
maze340_20_2.mz	340	20	2	27	73	9.666666666666666
maze340_20_3.mz	340	20	3	4	96	10.75
maze340_20_4.mz	340	20	4	0	100	NaN
maze340_20_5.mz	340	20	5	49	51	7.612244897959184
maze340_20_6.mz	340	20	6	59	41	6.033898305084746
maze340_20_7.mz	340	20	7	14	86	16.5
maze340_20_8.mz	340	20	8	69	31	6.130434782608695
maze340_20_9.mz	340	20	9	9	91	14.555555555555555
maze350_5_0.mz	350	5	0	0	100	NaN
maze350_5_1.mz	350	5	1	0	100	NaN
maze350_5_2.mz	350	5	2	0	100	NaN
maze350_5_3.mz	350	5	3	0	100	NaN
maze350_5_4.mz	350	5	4	0	100	NaN
maze350_5_5.mz	350	5	5	0	100	NaN
maze350_5_6.mz	350	5	6	0	100	NaN
maze350_5_7.mz	350	5	7	3	97	20.0
maze350_5_8.mz	350	5	8	0	100	NaN
maze350_5_9.mz	350	5	9	0	100	NaN
maze350_10_0.mz	350	10	0	1	99	24.0
maze350_10_1.mz	350	10	1	22	78	11.545454545454545
maze350_10_2.mz	350	10	2	0	100	NaN
maze350_10_3.mz	350	10	3	40	60	11.4
maze350_10_4.mz	350	10	4	0	100	NaN
maze350_10_5.mz	350	10	5	5	95	15.8
maze350_10_6.mz	350	10	6	0	100	NaN
maze350_10_7.mz	350	10	7	0	100	NaN
maze350_10_8.mz	350	10	8	3	97	10.333333333333334
maze350_10_9.mz	350	10	9	10	90	11.9
