Mode XML Parameters
ACO
maxNumIterations	50
pheromonesEvaporationRate	0.65
alpha	0.85
beta	0.85
numberOfAnts	15
GA
geneType	LSystem
maxNumIterations	35
eliteNumber	0
mutationRate	0.05
crossoverRate	0.6
EVA
acoImportance	0.75
agImportance	0.25
Maze	dimension	col	#	#ok	#no	avg ok
maze20_5_0.mz	20	5	0	100	0	1.31
maze20_5_1.mz	20	5	1	100	0	0.36
maze20_5_2.mz	20	5	2	100	0	0.1
maze20_5_3.mz	20	5	3	100	0	2.24
maze20_5_4.mz	20	5	4	100	0	0.49
maze20_5_5.mz	20	5	5	100	0	0.1
maze20_5_6.mz	20	5	6	98	2	3.989795918367347
maze20_5_7.mz	20	5	7	100	0	0.02
maze20_5_8.mz	20	5	8	100	0	0.13
maze20_5_9.mz	20	5	9	100	0	0.93
maze20_10_0.mz	20	10	0	100	0	0.22
maze20_10_1.mz	20	10	1	100	0	0.04
maze20_10_2.mz	20	10	2	100	0	1.66
maze20_10_3.mz	20	10	3	100	0	0.0
maze20_10_4.mz	20	10	4	100	0	1.4
maze20_10_5.mz	20	10	5	97	3	5.010309278350515
maze20_10_6.mz	20	10	6	100	0	0.69
maze20_10_7.mz	20	10	7	100	0	0.2
maze20_10_8.mz	20	10	8	100	0	1.52
maze20_10_9.mz	20	10	9	100	0	0.41
maze30_5_0.mz	30	5	0	100	0	1.98
maze30_5_1.mz	30	5	1	91	9	5.2967032967032965
maze30_5_2.mz	30	5	2	86	14	9.465116279069768
maze30_5_3.mz	30	5	3	100	0	0.03
maze30_5_4.mz	30	5	4	100	0	0.22
maze30_5_5.mz	30	5	5	100	0	4.12
maze30_5_6.mz	30	5	6	98	2	2.0408163265306123
maze30_5_7.mz	30	5	7	100	0	1.6
maze30_5_8.mz	30	5	8	98	2	4.428571428571429
maze30_5_9.mz	30	5	9	100	0	1.54
maze30_10_0.mz	30	10	0	100	0	0.43
maze30_10_1.mz	30	10	1	100	0	0.16
maze30_10_2.mz	30	10	2	90	10	7.366666666666666
maze30_10_3.mz	30	10	3	100	0	1.81
maze30_10_4.mz	30	10	4	100	0	0.02
maze30_10_5.mz	30	10	5	100	0	0.48
maze30_10_6.mz	30	10	6	98	2	1.653061224489796
maze30_10_7.mz	30	10	7	95	5	3.0736842105263156
maze30_10_8.mz	30	10	8	96	4	3.2395833333333335
maze30_10_9.mz	30	10	9	99	1	0.5151515151515151
maze30_15_0.mz	30	15	0	100	0	0.1
maze30_15_1.mz	30	15	1	100	0	0.41
maze30_15_2.mz	30	15	2	100	0	0.21
maze30_15_3.mz	30	15	3	99	1	1.8888888888888888
maze30_15_4.mz	30	15	4	98	2	4.295918367346939
maze30_15_5.mz	30	15	5	100	0	2.44
maze30_15_6.mz	30	15	6	98	2	1.9183673469387754
maze30_15_7.mz	30	15	7	100	0	0.3
maze30_15_8.mz	30	15	8	95	5	5.3052631578947365
maze30_15_9.mz	30	15	9	95	5	4.5473684210526315
maze40_5_0.mz	40	5	0	82	18	9.231707317073171
maze40_5_1.mz	40	5	1	84	16	8.011904761904763
maze40_5_2.mz	40	5	2	100	0	0.09
maze40_5_3.mz	40	5	3	100	0	0.39
maze40_5_4.mz	40	5	4	98	2	3.020408163265306
maze40_5_5.mz	40	5	5	97	3	4.474226804123711
maze40_5_6.mz	40	5	6	97	3	5.041237113402062
maze40_5_7.mz	40	5	7	94	6	4.946808510638298
maze40_5_8.mz	40	5	8	100	0	0.84
maze40_5_9.mz	40	5	9	100	0	0.64
maze40_10_0.mz	40	10	0	99	1	6.434343434343434
maze40_10_1.mz	40	10	1	97	3	2.0309278350515463
maze40_10_2.mz	40	10	2	100	0	0.2
maze40_10_3.mz	40	10	3	99	1	1.1717171717171717
maze40_10_4.mz	40	10	4	98	2	3.683673469387755
maze40_10_5.mz	40	10	5	100	0	2.09
maze40_10_6.mz	40	10	6	97	3	3.484536082474227
maze40_10_7.mz	40	10	7	98	2	2.7448979591836733
maze40_10_8.mz	40	10	8	96	4	3.6770833333333335
maze40_10_9.mz	40	10	9	100	0	3.23
maze40_20_0.mz	40	20	0	85	15	9.529411764705882
maze40_20_1.mz	40	20	1	99	1	7.424242424242424
maze40_20_2.mz	40	20	2	99	1	3.3737373737373737
maze40_20_3.mz	40	20	3	98	2	3.6530612244897958
maze40_20_4.mz	40	20	4	68	32	12.044117647058824
maze40_20_5.mz	40	20	5	99	1	3.2525252525252526
maze40_20_6.mz	40	20	6	100	0	0.59
maze40_20_7.mz	40	20	7	100	0	1.21
maze40_20_8.mz	40	20	8	100	0	0.53
maze40_20_9.mz	40	20	9	95	5	4.11578947368421
maze50_5_0.mz	50	5	0	90	10	6.4222222222222225
maze50_5_1.mz	50	5	1	96	4	4.5
maze50_5_2.mz	50	5	2	83	17	8.0
maze50_5_3.mz	50	5	3	97	3	4.690721649484536
maze50_5_4.mz	50	5	4	100	0	0.0
maze50_5_5.mz	50	5	5	96	4	4.8125
maze50_5_6.mz	50	5	6	98	2	2.7755102040816326
maze50_5_7.mz	50	5	7	93	7	7.290322580645161
maze50_5_8.mz	50	5	8	72	28	11.833333333333334
maze50_5_9.mz	50	5	9	93	7	5.935483870967742
maze50_10_0.mz	50	10	0	87	13	8.057471264367816
maze50_10_1.mz	50	10	1	100	0	2.01
maze50_10_2.mz	50	10	2	99	1	3.121212121212121
maze50_10_3.mz	50	10	3	87	13	7.2988505747126435
maze50_10_4.mz	50	10	4	100	0	0.59
maze50_10_5.mz	50	10	5	100	0	2.64
maze50_10_6.mz	50	10	6	100	0	0.61
maze50_10_7.mz	50	10	7	98	2	2.173469387755102
maze50_10_8.mz	50	10	8	69	31	11.420289855072463
maze50_10_9.mz	50	10	9	96	4	4.3125
maze60_5_0.mz	60	5	0	95	5	6.147368421052631
maze60_5_1.mz	60	5	1	95	5	5.568421052631579
maze60_5_2.mz	60	5	2	91	9	4.989010989010989
maze60_5_3.mz	60	5	3	75	25	15.16
maze60_5_4.mz	60	5	4	100	0	0.08
maze60_5_5.mz	60	5	5	92	8	6.934782608695652
maze60_5_6.mz	60	5	6	100	0	1.26
maze60_5_7.mz	60	5	7	71	29	12.169014084507042
maze60_5_8.mz	60	5	8	92	8	6.836956521739131
maze60_5_9.mz	60	5	9	98	2	1.316326530612245
maze60_10_0.mz	60	10	0	92	8	5.565217391304348
maze60_10_1.mz	60	10	1	84	16	7.511904761904762
maze60_10_2.mz	60	10	2	95	5	3.7578947368421054
maze60_10_3.mz	60	10	3	95	5	4.71578947368421
maze60_10_4.mz	60	10	4	99	1	0.6666666666666666
maze60_10_5.mz	60	10	5	90	10	6.266666666666667
maze60_10_6.mz	60	10	6	89	11	7.382022471910112
maze60_10_7.mz	60	10	7	99	1	4.191919191919192
maze60_10_8.mz	60	10	8	80	20	8.9125
maze60_10_9.mz	60	10	9	96	4	6.0
maze60_15_0.mz	60	15	0	93	7	4.440860215053763
maze60_15_1.mz	60	15	1	74	26	10.932432432432432
maze60_15_2.mz	60	15	2	99	1	2.95959595959596
maze60_15_3.mz	60	15	3	100	0	0.65
maze60_15_4.mz	60	15	4	100	0	2.0
maze60_15_5.mz	60	15	5	52	48	14.384615384615385
maze60_15_6.mz	60	15	6	74	26	11.702702702702704
maze60_15_7.mz	60	15	7	100	0	0.52
maze60_15_8.mz	60	15	8	89	11	6.865168539325842
maze60_15_9.mz	60	15	9	69	31	10.405797101449275
maze60_20_0.mz	60	20	0	100	0	1.41
maze60_20_1.mz	60	20	1	84	16	6.559523809523809
maze60_20_2.mz	60	20	2	70	30	13.257142857142858
maze60_20_3.mz	60	20	3	99	1	3.404040404040404
maze60_20_4.mz	60	20	4	91	9	8.54945054945055
maze60_20_5.mz	60	20	5	93	7	5.376344086021505
maze60_20_6.mz	60	20	6	65	35	16.353846153846153
maze60_20_7.mz	60	20	7	93	7	6.387096774193548
maze60_20_8.mz	60	20	8	79	21	11.759493670886076
maze60_20_9.mz	60	20	9	91	9	8.802197802197803
maze70_5_0.mz	70	5	0	88	12	7.25
maze70_5_1.mz	70	5	1	95	5	4.926315789473684
maze70_5_2.mz	70	5	2	99	1	4.141414141414141
maze70_5_3.mz	70	5	3	91	9	6.824175824175824
maze70_5_4.mz	70	5	4	97	3	4.134020618556701
maze70_5_5.mz	70	5	5	74	26	8.716216216216216
maze70_5_6.mz	70	5	6	100	0	0.61
maze70_5_7.mz	70	5	7	91	9	6.153846153846154
maze70_5_8.mz	70	5	8	88	12	6.75
maze70_5_9.mz	70	5	9	53	47	19.264150943396228
maze70_10_0.mz	70	10	0	85	15	9.729411764705882
maze70_10_1.mz	70	10	1	99	1	3.101010101010101
maze70_10_2.mz	70	10	2	90	10	6.711111111111111
maze70_10_3.mz	70	10	3	100	0	2.2
maze70_10_4.mz	70	10	4	80	20	9.9625
maze70_10_5.mz	70	10	5	97	3	7.061855670103093
maze70_10_6.mz	70	10	6	100	0	0.23
maze70_10_7.mz	70	10	7	100	0	1.01
maze70_10_8.mz	70	10	8	100	0	1.74
maze70_10_9.mz	70	10	9	87	13	8.701149425287356
maze80_5_0.mz	80	5	0	91	9	6.65934065934066
maze80_5_1.mz	80	5	1	89	11	6.48314606741573
maze80_5_2.mz	80	5	2	90	10	8.066666666666666
maze80_5_3.mz	80	5	3	71	29	11.788732394366198
maze80_5_4.mz	80	5	4	100	0	1.53
maze80_5_5.mz	80	5	5	70	30	11.528571428571428
maze80_5_6.mz	80	5	6	78	22	11.461538461538462
maze80_5_7.mz	80	5	7	61	39	12.737704918032787
maze80_5_8.mz	80	5	8	86	14	7.395348837209302
maze80_5_9.mz	80	5	9	77	23	11.077922077922079
maze80_10_0.mz	80	10	0	22	78	21.681818181818183
maze80_10_1.mz	80	10	1	85	15	6.270588235294118
maze80_10_2.mz	80	10	2	99	1	1.1717171717171717
maze80_10_3.mz	80	10	3	95	5	4.231578947368421
maze80_10_4.mz	80	10	4	79	21	10.734177215189874
maze80_10_5.mz	80	10	5	99	1	3.303030303030303
maze80_10_6.mz	80	10	6	51	49	18.137254901960784
maze80_10_7.mz	80	10	7	98	2	1.183673469387755
maze80_10_8.mz	80	10	8	92	8	6.554347826086956
maze80_10_9.mz	80	10	9	79	21	8.316455696202532
maze80_20_0.mz	80	20	0	96	4	6.697916666666667
maze80_20_1.mz	80	20	1	47	53	15.404255319148936
maze80_20_2.mz	80	20	2	98	2	3.4183673469387754
maze80_20_3.mz	80	20	3	58	42	10.327586206896552
maze80_20_4.mz	80	20	4	94	6	4.287234042553192
maze80_20_5.mz	80	20	5	80	20	8.65
maze80_20_6.mz	80	20	6	75	25	9.0
maze80_20_7.mz	80	20	7	52	48	15.384615384615385
maze80_20_8.mz	80	20	8	76	24	10.078947368421053
maze80_20_9.mz	80	20	9	21	79	20.571428571428573
maze90_5_0.mz	90	5	0	65	35	9.584615384615384
maze90_5_1.mz	90	5	1	12	88	16.083333333333332
maze90_5_2.mz	90	5	2	82	18	9.0
maze90_5_3.mz	90	5	3	57	43	10.333333333333334
maze90_5_4.mz	90	5	4	92	8	7.4021739130434785
maze90_5_5.mz	90	5	5	90	10	10.066666666666666
maze90_5_6.mz	90	5	6	97	3	3.0309278350515463
maze90_5_7.mz	90	5	7	70	30	13.814285714285715
maze90_5_8.mz	90	5	8	80	20	9.1
maze90_5_9.mz	90	5	9	20	80	19.1
maze90_10_0.mz	90	10	0	99	1	4.808080808080808
maze90_10_1.mz	90	10	1	97	3	2.329896907216495
maze90_10_2.mz	90	10	2	99	1	2.595959595959596
maze90_10_3.mz	90	10	3	90	10	8.38888888888889
maze90_10_4.mz	90	10	4	88	12	7.363636363636363
maze90_10_5.mz	90	10	5	50	50	10.52
maze90_10_6.mz	90	10	6	100	0	3.29
maze90_10_7.mz	90	10	7	75	25	11.693333333333333
maze90_10_8.mz	90	10	8	88	12	12.522727272727273
maze90_10_9.mz	90	10	9	59	41	11.627118644067796
maze90_15_0.mz	90	15	0	100	0	2.4
maze90_15_1.mz	90	15	1	99	1	2.8686868686868685
maze90_15_2.mz	90	15	2	93	7	2.946236559139785
maze90_15_3.mz	90	15	3	82	18	8.878048780487806
maze90_15_4.mz	90	15	4	94	6	5.319148936170213
maze90_15_5.mz	90	15	5	92	8	5.6521739130434785
maze90_15_6.mz	90	15	6	16	84	20.125
maze90_15_7.mz	90	15	7	97	3	3.9381443298969074
maze90_15_8.mz	90	15	8	100	0	2.32
maze90_15_9.mz	90	15	9	96	4	2.9375
maze100_5_0.mz	100	5	0	59	41	16.35593220338983
maze100_5_1.mz	100	5	1	44	56	16.977272727272727
maze100_5_2.mz	100	5	2	21	79	18.666666666666668
maze100_5_3.mz	100	5	3	67	33	14.059701492537313
maze100_5_4.mz	100	5	4	85	15	11.929411764705883
maze100_5_5.mz	100	5	5	100	0	2.34
maze100_5_6.mz	100	5	6	77	23	6.896103896103896
maze100_5_7.mz	100	5	7	44	56	13.931818181818182
maze100_5_8.mz	100	5	8	82	18	9.146341463414634
maze100_5_9.mz	100	5	9	40	60	20.175
maze100_10_0.mz	100	10	0	86	14	8.372093023255815
maze100_10_1.mz	100	10	1	90	10	7.166666666666667
maze100_10_2.mz	100	10	2	62	38	11.209677419354838
maze100_10_3.mz	100	10	3	86	14	6.569767441860465
maze100_10_4.mz	100	10	4	100	0	0.94
maze100_10_5.mz	100	10	5	99	1	4.141414141414141
maze100_10_6.mz	100	10	6	97	3	2.2061855670103094
maze100_10_7.mz	100	10	7	20	80	16.55
maze100_10_8.mz	100	10	8	98	2	5.326530612244898
maze100_10_9.mz	100	10	9	18	82	19.055555555555557
maze100_20_0.mz	100	20	0	100	0	1.68
maze100_20_1.mz	100	20	1	34	66	16.441176470588236
maze100_20_2.mz	100	20	2	64	36	11.640625
maze100_20_3.mz	100	20	3	85	15	10.094117647058823
maze100_20_4.mz	100	20	4	70	30	14.128571428571428
maze100_20_5.mz	100	20	5	50	50	17.58
maze100_20_6.mz	100	20	6	51	49	13.215686274509803
maze100_20_7.mz	100	20	7	64	36	13.15625
maze100_20_8.mz	100	20	8	100	0	0.39
maze100_20_9.mz	100	20	9	30	70	16.4
maze110_5_0.mz	110	5	0	44	56	18.15909090909091
maze110_5_1.mz	110	5	1	89	11	6.98876404494382
maze110_5_2.mz	110	5	2	45	55	17.533333333333335
maze110_5_3.mz	110	5	3	31	69	18.35483870967742
maze110_5_4.mz	110	5	4	51	49	12.117647058823529
maze110_5_5.mz	110	5	5	57	43	13.491228070175438
maze110_5_6.mz	110	5	6	89	11	5.910112359550562
maze110_5_7.mz	110	5	7	45	55	17.511111111111113
maze110_5_8.mz	110	5	8	61	39	11.459016393442623
maze110_5_9.mz	110	5	9	76	24	10.763157894736842
maze110_10_0.mz	110	10	0	100	0	1.67
maze110_10_1.mz	110	10	1	84	16	9.535714285714286
maze110_10_2.mz	110	10	2	93	7	4.440860215053763
maze110_10_3.mz	110	10	3	91	9	5.747252747252747
maze110_10_4.mz	110	10	4	3	97	11.333333333333334
maze110_10_5.mz	110	10	5	99	1	2.9292929292929295
maze110_10_6.mz	110	10	6	73	27	9.013698630136986
maze110_10_7.mz	110	10	7	38	62	13.473684210526315
maze110_10_8.mz	110	10	8	79	21	13.582278481012658
maze110_10_9.mz	110	10	9	57	43	15.719298245614034
maze120_5_0.mz	120	5	0	3	97	11.333333333333334
maze120_5_1.mz	120	5	1	46	54	13.5
maze120_5_2.mz	120	5	2	17	83	25.176470588235293
maze120_5_3.mz	120	5	3	48	52	16.895833333333332
maze120_5_4.mz	120	5	4	88	12	6.784090909090909
maze120_5_5.mz	120	5	5	43	57	17.651162790697676
maze120_5_6.mz	120	5	6	70	30	13.0
maze120_5_7.mz	120	5	7	52	48	16.673076923076923
maze120_5_8.mz	120	5	8	76	24	13.328947368421053
maze120_5_9.mz	120	5	9	82	18	10.268292682926829
maze120_10_0.mz	120	10	0	99	1	3.2525252525252526
maze120_10_1.mz	120	10	1	86	14	8.616279069767442
maze120_10_2.mz	120	10	2	89	11	6.662921348314606
maze120_10_3.mz	120	10	3	98	2	3.7448979591836733
maze120_10_4.mz	120	10	4	92	8	7.456521739130435
maze120_10_5.mz	120	10	5	97	3	3.1443298969072164
maze120_10_6.mz	120	10	6	85	15	7.047058823529412
maze120_10_7.mz	120	10	7	99	1	1.494949494949495
maze120_10_8.mz	120	10	8	31	69	19.548387096774192
maze120_10_9.mz	120	10	9	95	5	6.368421052631579
maze120_15_0.mz	120	15	0	93	7	4.473118279569892
maze120_15_1.mz	120	15	1	60	40	10.5
maze120_15_2.mz	120	15	2	72	28	10.277777777777779
maze120_15_3.mz	120	15	3	98	2	2.2142857142857144
maze120_15_4.mz	120	15	4	99	1	1.2626262626262625
maze120_15_5.mz	120	15	5	63	37	14.11111111111111
maze120_15_6.mz	120	15	6	86	14	9.244186046511627
maze120_15_7.mz	120	15	7	73	27	13.945205479452055
maze120_15_8.mz	120	15	8	56	44	10.446428571428571
maze120_15_9.mz	120	15	9	28	72	23.214285714285715
maze120_20_0.mz	120	20	0	79	21	10.835443037974683
maze120_20_1.mz	120	20	1	94	6	5.031914893617022
maze120_20_2.mz	120	20	2	97	3	4.948453608247423
maze120_20_3.mz	120	20	3	75	25	10.053333333333333
maze120_20_4.mz	120	20	4	37	63	15.783783783783784
maze120_20_5.mz	120	20	5	90	10	10.6
maze120_20_6.mz	120	20	6	36	64	15.36111111111111
maze120_20_7.mz	120	20	7	25	75	14.96
maze120_20_8.mz	120	20	8	82	18	10.634146341463415
maze120_20_9.mz	120	20	9	76	24	11.697368421052632
maze130_5_0.mz	130	5	0	73	27	14.287671232876713
maze130_5_1.mz	130	5	1	99	1	2.3636363636363638
maze130_5_2.mz	130	5	2	71	29	10.0
maze130_5_3.mz	130	5	3	34	66	15.5
maze130_5_4.mz	130	5	4	76	24	14.828947368421053
maze130_5_5.mz	130	5	5	94	6	5.946808510638298
maze130_5_6.mz	130	5	6	82	18	8.426829268292684
maze130_5_7.mz	130	5	7	94	6	3.8191489361702127
maze130_5_8.mz	130	5	8	20	80	20.2
maze130_5_9.mz	130	5	9	17	83	21.41176470588235
maze130_10_0.mz	130	10	0	85	15	8.552941176470588
maze130_10_1.mz	130	10	1	84	16	6.928571428571429
maze130_10_2.mz	130	10	2	89	11	7.157303370786517
maze130_10_3.mz	130	10	3	95	5	6.5473684210526315
maze130_10_4.mz	130	10	4	96	4	3.7708333333333335
maze130_10_5.mz	130	10	5	91	9	9.032967032967033
maze130_10_6.mz	130	10	6	73	27	10.931506849315069
maze130_10_7.mz	130	10	7	96	4	4.010416666666667
maze130_10_8.mz	130	10	8	62	38	16.93548387096774
maze130_10_9.mz	130	10	9	88	12	7.170454545454546
maze140_5_0.mz	140	5	0	32	68	18.34375
maze140_5_1.mz	140	5	1	70	30	15.7
maze140_5_2.mz	140	5	2	72	28	13.51388888888889
maze140_5_3.mz	140	5	3	37	63	18.243243243243242
maze140_5_4.mz	140	5	4	68	32	14.661764705882353
maze140_5_5.mz	140	5	5	51	49	14.254901960784315
maze140_5_6.mz	140	5	6	41	59	20.414634146341463
maze140_5_7.mz	140	5	7	32	68	13.75
maze140_5_8.mz	140	5	8	75	25	12.666666666666666
maze140_5_9.mz	140	5	9	68	32	11.897058823529411
maze140_10_0.mz	140	10	0	12	88	25.5
maze140_10_1.mz	140	10	1	100	0	1.46
maze140_10_2.mz	140	10	2	93	7	3.3333333333333335
maze140_10_3.mz	140	10	3	43	57	12.279069767441861
maze140_10_4.mz	140	10	4	25	75	20.88
maze140_10_5.mz	140	10	5	94	6	5.946808510638298
maze140_10_6.mz	140	10	6	20	80	19.6
maze140_10_7.mz	140	10	7	96	4	3.4479166666666665
maze140_10_8.mz	140	10	8	91	9	5.56043956043956
maze140_10_9.mz	140	10	9	82	18	7.2682926829268295
maze140_20_0.mz	140	20	0	69	31	14.608695652173912
maze140_20_1.mz	140	20	1	24	76	16.125
maze140_20_2.mz	140	20	2	52	48	18.01923076923077
maze140_20_3.mz	140	20	3	36	64	19.833333333333332
maze140_20_4.mz	140	20	4	67	33	14.08955223880597
maze140_20_5.mz	140	20	5	93	7	5.172043010752688
maze140_20_6.mz	140	20	6	50	50	17.22
maze140_20_7.mz	140	20	7	63	37	13.222222222222221
maze140_20_8.mz	140	20	8	39	61	18.384615384615383
maze140_20_9.mz	140	20	9	67	33	10.701492537313433
maze150_5_0.mz	150	5	0	32	68	17.96875
maze150_5_1.mz	150	5	1	78	22	12.14102564102564
maze150_5_2.mz	150	5	2	10	90	23.4
maze150_5_3.mz	150	5	3	53	47	13.981132075471699
maze150_5_4.mz	150	5	4	2	98	43.0
maze150_5_5.mz	150	5	5	73	27	10.520547945205479
maze150_5_6.mz	150	5	6	17	83	20.705882352941178
maze150_5_7.mz	150	5	7	2	98	31.0
maze150_5_8.mz	150	5	8	48	52	12.520833333333334
maze150_5_9.mz	150	5	9	22	78	16.40909090909091
maze150_10_0.mz	150	10	0	58	42	11.586206896551724
maze150_10_1.mz	150	10	1	22	78	20.181818181818183
maze150_10_2.mz	150	10	2	32	68	18.0625
maze150_10_3.mz	150	10	3	95	5	5.105263157894737
maze150_10_4.mz	150	10	4	52	48	11.673076923076923
maze150_10_5.mz	150	10	5	98	2	4.244897959183674
maze150_10_6.mz	150	10	6	84	16	9.94047619047619
maze150_10_7.mz	150	10	7	26	74	16.846153846153847
maze150_10_8.mz	150	10	8	47	53	15.957446808510639
maze150_10_9.mz	150	10	9	66	34	16.636363636363637
maze150_15_0.mz	150	15	0	20	80	22.65
maze150_15_1.mz	150	15	1	78	22	8.85897435897436
maze150_15_2.mz	150	15	2	67	33	11.567164179104477
maze150_15_3.mz	150	15	3	61	39	11.836065573770492
maze150_15_4.mz	150	15	4	80	20	12.15
maze150_15_5.mz	150	15	5	93	7	5.408602150537634
maze150_15_6.mz	150	15	6	86	14	10.162790697674419
maze150_15_7.mz	150	15	7	92	8	5.663043478260869
maze150_15_8.mz	150	15	8	36	64	18.194444444444443
maze150_15_9.mz	150	15	9	88	12	8.034090909090908
maze160_5_0.mz	160	5	0	36	64	19.166666666666668
maze160_5_1.mz	160	5	1	57	43	18.87719298245614
maze160_5_2.mz	160	5	2	17	83	26.294117647058822
maze160_5_3.mz	160	5	3	15	85	14.066666666666666
maze160_5_4.mz	160	5	4	26	74	19.692307692307693
maze160_5_5.mz	160	5	5	55	45	12.527272727272727
maze160_5_6.mz	160	5	6	5	95	19.8
maze160_5_7.mz	160	5	7	88	12	7.3977272727272725
maze160_5_8.mz	160	5	8	17	83	23.88235294117647
maze160_5_9.mz	160	5	9	52	48	17.615384615384617
maze160_10_0.mz	160	10	0	73	27	10.726027397260275
maze160_10_1.mz	160	10	1	56	44	14.75
maze160_10_2.mz	160	10	2	92	8	4.445652173913044
maze160_10_3.mz	160	10	3	65	35	14.046153846153846
maze160_10_4.mz	160	10	4	39	61	17.076923076923077
maze160_10_5.mz	160	10	5	9	91	22.11111111111111
maze160_10_6.mz	160	10	6	75	25	11.92
maze160_10_7.mz	160	10	7	97	3	5.752577319587629
maze160_10_8.mz	160	10	8	14	86	22.0
maze160_10_9.mz	160	10	9	57	43	15.578947368421053
maze160_20_0.mz	160	20	0	8	92	17.375
maze160_20_1.mz	160	20	1	82	18	9.768292682926829
maze160_20_2.mz	160	20	2	30	70	20.2
maze160_20_3.mz	160	20	3	51	49	15.764705882352942
maze160_20_4.mz	160	20	4	100	0	0.63
maze160_20_5.mz	160	20	5	80	20	10.225
maze160_20_6.mz	160	20	6	41	59	18.29268292682927
maze160_20_7.mz	160	20	7	9	91	21.88888888888889
maze160_20_8.mz	160	20	8	8	92	24.625
maze160_20_9.mz	160	20	9	77	23	10.987012987012987
maze170_5_0.mz	170	5	0	41	59	19.70731707317073
maze170_5_1.mz	170	5	1	39	61	17.666666666666668
maze170_5_2.mz	170	5	2	3	97	12.333333333333334
maze170_5_3.mz	170	5	3	18	82	17.5
maze170_5_4.mz	170	5	4	12	88	19.75
maze170_5_5.mz	170	5	5	12	88	25.25
maze170_5_6.mz	170	5	6	53	47	10.358490566037736
maze170_5_7.mz	170	5	7	53	47	15.11320754716981
maze170_5_8.mz	170	5	8	8	92	23.375
maze170_5_9.mz	170	5	9	6	94	28.333333333333332
maze170_10_0.mz	170	10	0	99	1	4.505050505050505
maze170_10_1.mz	170	10	1	33	67	16.666666666666668
maze170_10_2.mz	170	10	2	26	74	16.115384615384617
maze170_10_3.mz	170	10	3	0	100	NaN
maze170_10_4.mz	170	10	4	93	7	3.989247311827957
maze170_10_5.mz	170	10	5	1	99	23.0
maze170_10_6.mz	170	10	6	98	2	4.224489795918367
maze170_10_7.mz	170	10	7	41	59	14.853658536585366
maze170_10_8.mz	170	10	8	53	47	15.528301886792454
maze170_10_9.mz	170	10	9	93	7	4.333333333333333
maze180_5_0.mz	180	5	0	5	95	26.6
maze180_5_1.mz	180	5	1	11	89	13.272727272727273
maze180_5_2.mz	180	5	2	23	77	16.91304347826087
maze180_5_3.mz	180	5	3	14	86	19.285714285714285
maze180_5_4.mz	180	5	4	1	99	48.0
maze180_5_5.mz	180	5	5	1	99	28.0
maze180_5_6.mz	180	5	6	25	75	20.4
maze180_5_7.mz	180	5	7	43	57	16.627906976744185
maze180_5_8.mz	180	5	8	6	94	20.0
maze180_5_9.mz	180	5	9	10	90	18.5
maze180_10_0.mz	180	10	0	13	87	17.153846153846153
maze180_10_1.mz	180	10	1	79	21	11.075949367088608
maze180_10_2.mz	180	10	2	28	72	19.821428571428573
maze180_10_3.mz	180	10	3	80	20	9.9125
maze180_10_4.mz	180	10	4	51	49	14.901960784313726
maze180_10_5.mz	180	10	5	87	13	6.586206896551724
maze180_10_6.mz	180	10	6	86	14	6.523255813953488
maze180_10_7.mz	180	10	7	37	63	20.91891891891892
maze180_10_8.mz	180	10	8	65	35	10.76923076923077
maze180_10_9.mz	180	10	9	25	75	21.6
maze180_15_0.mz	180	15	0	0	100	NaN
maze180_15_1.mz	180	15	1	39	61	18.871794871794872
maze180_15_2.mz	180	15	2	15	85	20.933333333333334
maze180_15_3.mz	180	15	3	98	2	2.673469387755102
maze180_15_4.mz	180	15	4	9	91	25.333333333333332
maze180_15_5.mz	180	15	5	85	15	10.305882352941177
maze180_15_6.mz	180	15	6	34	66	21.176470588235293
maze180_15_7.mz	180	15	7	69	31	12.130434782608695
maze180_15_8.mz	180	15	8	99	1	0.7777777777777778
maze180_15_9.mz	180	15	9	85	15	12.647058823529411
maze180_20_0.mz	180	20	0	22	78	18.545454545454547
maze180_20_1.mz	180	20	1	17	83	21.352941176470587
maze180_20_2.mz	180	20	2	2	98	16.0
maze180_20_3.mz	180	20	3	1	99	10.0
maze180_20_4.mz	180	20	4	22	78	20.772727272727273
maze180_20_5.mz	180	20	5	47	53	16.893617021276597
maze180_20_6.mz	180	20	6	86	14	7.709302325581396
maze180_20_7.mz	180	20	7	3	97	27.333333333333332
maze180_20_8.mz	180	20	8	1	99	16.0
maze180_20_9.mz	180	20	9	24	76	12.416666666666666
maze190_5_0.mz	190	5	0	7	93	31.285714285714285
maze190_5_1.mz	190	5	1	67	33	12.253731343283581
maze190_5_2.mz	190	5	2	9	91	21.77777777777778
maze190_5_3.mz	190	5	3	40	60	22.4
maze190_5_4.mz	190	5	4	22	78	22.227272727272727
maze190_5_5.mz	190	5	5	30	70	17.9
maze190_5_6.mz	190	5	6	41	59	18.951219512195124
maze190_5_7.mz	190	5	7	20	80	17.4
maze190_5_8.mz	190	5	8	5	95	4.0
maze190_5_9.mz	190	5	9	78	22	9.025641025641026
maze190_10_0.mz	190	10	0	83	17	7.493975903614458
maze190_10_1.mz	190	10	1	79	21	7.329113924050633
maze190_10_2.mz	190	10	2	30	70	20.533333333333335
maze190_10_3.mz	190	10	3	82	18	8.390243902439025
maze190_10_4.mz	190	10	4	0	100	NaN
maze190_10_5.mz	190	10	5	66	34	13.0
maze190_10_6.mz	190	10	6	11	89	20.90909090909091
maze190_10_7.mz	190	10	7	100	0	0.85
maze190_10_8.mz	190	10	8	1	99	6.0
maze190_10_9.mz	190	10	9	18	82	13.61111111111111
maze200_5_0.mz	200	5	0	0	100	NaN
maze200_5_1.mz	200	5	1	13	87	25.692307692307693
maze200_5_2.mz	200	5	2	10	90	22.1
maze200_5_3.mz	200	5	3	78	22	9.5
maze200_5_4.mz	200	5	4	4	96	24.5
maze200_5_5.mz	200	5	5	0	100	NaN
maze200_5_6.mz	200	5	6	32	68	16.59375
maze200_5_7.mz	200	5	7	3	97	32.333333333333336
maze200_5_8.mz	200	5	8	1	99	46.0
maze200_5_9.mz	200	5	9	0	100	NaN
maze200_10_0.mz	200	10	0	30	70	18.933333333333334
maze200_10_1.mz	200	10	1	91	9	6.571428571428571
maze200_10_2.mz	200	10	2	9	91	17.77777777777778
maze200_10_3.mz	200	10	3	86	14	7.104651162790698
maze200_10_4.mz	200	10	4	84	16	3.4404761904761907
maze200_10_5.mz	200	10	5	0	100	NaN
maze200_10_6.mz	200	10	6	89	11	6.033707865168539
maze200_10_7.mz	200	10	7	7	93	29.714285714285715
maze200_10_8.mz	200	10	8	67	33	14.044776119402986
maze200_10_9.mz	200	10	9	83	17	12.036144578313253
maze200_20_0.mz	200	20	0	19	81	15.0
maze200_20_1.mz	200	20	1	58	42	11.689655172413794
maze200_20_2.mz	200	20	2	57	43	17.403508771929825
maze200_20_3.mz	200	20	3	29	71	19.586206896551722
maze200_20_4.mz	200	20	4	70	30	9.885714285714286
maze200_20_5.mz	200	20	5	5	95	19.0
maze200_20_6.mz	200	20	6	92	8	6.0978260869565215
maze200_20_7.mz	200	20	7	51	49	14.666666666666666
maze200_20_8.mz	200	20	8	8	92	31.5
maze200_20_9.mz	200	20	9	32	68	22.21875
maze210_5_0.mz	210	5	0	0	100	NaN
maze210_5_1.mz	210	5	1	41	59	14.902439024390244
maze210_5_2.mz	210	5	2	29	71	17.586206896551722
maze210_5_3.mz	210	5	3	12	88	20.083333333333332
maze210_5_4.mz	210	5	4	3	97	29.0
maze210_5_5.mz	210	5	5	7	93	23.0
maze210_5_6.mz	210	5	6	0	100	NaN
maze210_5_7.mz	210	5	7	0	100	NaN
maze210_5_8.mz	210	5	8	64	36	14.0
maze210_5_9.mz	210	5	9	23	77	22.782608695652176
maze210_10_0.mz	210	10	0	55	45	13.436363636363636
maze210_10_1.mz	210	10	1	76	24	9.644736842105264
maze210_10_2.mz	210	10	2	24	76	21.75
maze210_10_3.mz	210	10	3	60	40	12.266666666666667
maze210_10_4.mz	210	10	4	30	70	20.0
maze210_10_5.mz	210	10	5	5	95	28.0
maze210_10_6.mz	210	10	6	43	57	17.25581395348837
maze210_10_7.mz	210	10	7	65	35	10.938461538461539
maze210_10_8.mz	210	10	8	26	74	17.846153846153847
maze210_10_9.mz	210	10	9	56	44	10.553571428571429
maze210_15_0.mz	210	15	0	7	93	22.714285714285715
maze210_15_1.mz	210	15	1	14	86	20.928571428571427
maze210_15_2.mz	210	15	2	55	45	12.309090909090909
maze210_15_3.mz	210	15	3	42	58	17.19047619047619
maze210_15_4.mz	210	15	4	20	80	19.35
maze210_15_5.mz	210	15	5	58	42	15.89655172413793
maze210_15_6.mz	210	15	6	95	5	5.989473684210527
maze210_15_7.mz	210	15	7	91	9	4.34065934065934
maze210_15_8.mz	210	15	8	49	51	16.46938775510204
maze210_15_9.mz	210	15	9	45	55	18.977777777777778
maze220_5_0.mz	220	5	0	12	88	21.666666666666668
maze220_5_1.mz	220	5	1	6	94	22.833333333333332
maze220_5_2.mz	220	5	2	5	95	20.4
maze220_5_3.mz	220	5	3	6	94	26.0
maze220_5_4.mz	220	5	4	8	92	12.375
maze220_5_5.mz	220	5	5	10	90	28.1
maze220_5_6.mz	220	5	6	0	100	NaN
maze220_5_7.mz	220	5	7	3	97	12.666666666666666
maze220_5_8.mz	220	5	8	7	93	24.0
maze220_5_9.mz	220	5	9	23	77	20.91304347826087
maze220_10_0.mz	220	10	0	25	75	21.4
maze220_10_1.mz	220	10	1	50	50	13.78
maze220_10_2.mz	220	10	2	14	86	19.928571428571427
maze220_10_3.mz	220	10	3	13	87	19.076923076923077
maze220_10_4.mz	220	10	4	49	51	17.244897959183675
maze220_10_5.mz	220	10	5	49	51	13.83673469387755
maze220_10_6.mz	220	10	6	7	93	13.142857142857142
maze220_10_7.mz	220	10	7	84	16	9.80952380952381
maze220_10_8.mz	220	10	8	3	97	30.666666666666668
maze220_10_9.mz	220	10	9	14	86	22.142857142857142
maze220_20_0.mz	220	20	0	16	84	15.9375
maze220_20_1.mz	220	20	1	100	0	0.24
maze220_20_2.mz	220	20	2	53	47	12.943396226415095
maze220_20_3.mz	220	20	3	45	55	15.6
maze220_20_4.mz	220	20	4	87	13	8.172413793103448
maze220_20_5.mz	220	20	5	88	12	9.125
maze220_20_6.mz	220	20	6	87	13	5.35632183908046
maze220_20_7.mz	220	20	7	60	40	13.366666666666667
maze220_20_8.mz	220	20	8	71	29	13.774647887323944
maze220_20_9.mz	220	20	9	40	60	20.0
maze230_5_0.mz	230	5	0	1	99	42.0
maze230_5_1.mz	230	5	1	14	86	25.571428571428573
maze230_5_2.mz	230	5	2	45	55	18.244444444444444
maze230_5_3.mz	230	5	3	2	98	36.5
maze230_5_4.mz	230	5	4	26	74	22.96153846153846
maze230_5_5.mz	230	5	5	12	88	27.833333333333332
maze230_5_6.mz	230	5	6	16	84	22.3125
maze230_5_7.mz	230	5	7	0	100	NaN
maze230_5_8.mz	230	5	8	0	100	NaN
maze230_5_9.mz	230	5	9	0	100	NaN
maze230_10_0.mz	230	10	0	36	64	14.166666666666666
maze230_10_1.mz	230	10	1	32	68	22.90625
maze230_10_2.mz	230	10	2	9	91	23.11111111111111
maze230_10_3.mz	230	10	3	72	28	11.083333333333334
maze230_10_4.mz	230	10	4	45	55	18.77777777777778
maze230_10_5.mz	230	10	5	34	66	21.38235294117647
maze230_10_6.mz	230	10	6	86	14	9.13953488372093
maze230_10_7.mz	230	10	7	94	6	2.851063829787234
maze230_10_8.mz	230	10	8	83	17	7.63855421686747
maze230_10_9.mz	230	10	9	8	92	16.375
maze240_5_0.mz	240	5	0	0	100	NaN
maze240_5_1.mz	240	5	1	2	98	17.5
maze240_5_2.mz	240	5	2	3	97	10.666666666666666
maze240_5_3.mz	240	5	3	3	97	37.0
maze240_5_4.mz	240	5	4	0	100	NaN
maze240_5_5.mz	240	5	5	32	68	13.40625
maze240_5_6.mz	240	5	6	30	70	18.066666666666666
maze240_5_7.mz	240	5	7	0	100	NaN
maze240_5_8.mz	240	5	8	29	71	19.896551724137932
maze240_5_9.mz	240	5	9	5	95	29.0
maze240_10_0.mz	240	10	0	0	100	NaN
maze240_10_1.mz	240	10	1	0	100	NaN
maze240_10_2.mz	240	10	2	32	68	18.71875
maze240_10_3.mz	240	10	3	86	14	7.546511627906977
maze240_10_4.mz	240	10	4	52	48	13.788461538461538
maze240_10_5.mz	240	10	5	11	89	24.90909090909091
maze240_10_6.mz	240	10	6	42	58	13.642857142857142
maze240_10_7.mz	240	10	7	16	84	21.0
maze240_10_8.mz	240	10	8	99	1	4.0
maze240_10_9.mz	240	10	9	15	85	26.133333333333333
maze240_15_0.mz	240	15	0	90	10	5.411111111111111
maze240_15_1.mz	240	15	1	51	49	14.156862745098039
maze240_15_2.mz	240	15	2	37	63	15.675675675675675
maze240_15_3.mz	240	15	3	98	2	4.581632653061225
maze240_15_4.mz	240	15	4	9	91	30.0
maze240_15_5.mz	240	15	5	100	0	3.47
maze240_15_6.mz	240	15	6	60	40	15.433333333333334
maze240_15_7.mz	240	15	7	11	89	9.545454545454545
maze240_15_8.mz	240	15	8	47	53	14.48936170212766
maze240_15_9.mz	240	15	9	42	58	20.785714285714285
maze240_20_0.mz	240	20	0	81	19	7.197530864197531
maze240_20_1.mz	240	20	1	88	12	8.5
maze240_20_2.mz	240	20	2	35	65	20.485714285714284
maze240_20_3.mz	240	20	3	15	85	25.333333333333332
maze240_20_4.mz	240	20	4	16	84	22.0
maze240_20_5.mz	240	20	5	75	25	11.546666666666667
maze240_20_6.mz	240	20	6	31	69	18.387096774193548
maze240_20_7.mz	240	20	7	39	61	19.333333333333332
maze240_20_8.mz	240	20	8	1	99	3.0
maze240_20_9.mz	240	20	9	13	87	17.46153846153846
maze250_5_0.mz	250	5	0	4	96	43.0
maze250_5_1.mz	250	5	1	2	98	16.0
maze250_5_2.mz	250	5	2	2	98	32.5
maze250_5_3.mz	250	5	3	0	100	NaN
maze250_5_4.mz	250	5	4	14	86	19.0
maze250_5_5.mz	250	5	5	3	97	33.0
maze250_5_6.mz	250	5	6	5	95	22.4
maze250_5_7.mz	250	5	7	1	99	8.0
maze250_5_8.mz	250	5	8	1	99	35.0
maze250_5_9.mz	250	5	9	19	81	15.0
maze250_10_0.mz	250	10	0	0	100	NaN
maze250_10_1.mz	250	10	1	88	12	8.318181818181818
maze250_10_2.mz	250	10	2	0	100	NaN
maze250_10_3.mz	250	10	3	15	85	18.933333333333334
maze250_10_4.mz	250	10	4	28	72	21.535714285714285
maze250_10_5.mz	250	10	5	26	74	17.0
maze250_10_6.mz	250	10	6	45	55	15.466666666666667
maze250_10_7.mz	250	10	7	2	98	41.0
maze250_10_8.mz	250	10	8	6	94	28.0
maze250_10_9.mz	250	10	9	51	49	14.352941176470589
maze260_5_0.mz	260	5	0	3	97	27.0
maze260_5_1.mz	260	5	1	0	100	NaN
maze260_5_2.mz	260	5	2	0	100	NaN
maze260_5_3.mz	260	5	3	18	82	19.88888888888889
maze260_5_4.mz	260	5	4	11	89	26.727272727272727
maze260_5_5.mz	260	5	5	26	74	19.5
maze260_5_6.mz	260	5	6	16	84	18.375
maze260_5_7.mz	260	5	7	16	84	14.125
maze260_5_8.mz	260	5	8	63	37	14.380952380952381
maze260_5_9.mz	260	5	9	0	100	NaN
maze260_10_0.mz	260	10	0	0	100	NaN
maze260_10_1.mz	260	10	1	3	97	19.0
maze260_10_2.mz	260	10	2	7	93	18.428571428571427
maze260_10_3.mz	260	10	3	11	89	25.90909090909091
maze260_10_4.mz	260	10	4	3	97	30.0
maze260_10_5.mz	260	10	5	50	50	19.04
maze260_10_6.mz	260	10	6	21	79	22.714285714285715
maze260_10_7.mz	260	10	7	4	96	36.25
maze260_10_8.mz	260	10	8	1	99	48.0
maze260_10_9.mz	260	10	9	0	100	NaN
maze260_20_0.mz	260	20	0	26	74	21.46153846153846
maze260_20_1.mz	260	20	1	3	97	24.333333333333332
maze260_20_2.mz	260	20	2	19	81	14.421052631578947
maze260_20_3.mz	260	20	3	2	98	29.0
maze260_20_4.mz	260	20	4	53	47	12.849056603773585
maze260_20_5.mz	260	20	5	0	100	NaN
maze260_20_6.mz	260	20	6	11	89	19.454545454545453
maze260_20_7.mz	260	20	7	16	84	14.8125
maze260_20_8.mz	260	20	8	86	14	9.709302325581396
maze260_20_9.mz	260	20	9	61	39	13.967213114754099
maze270_5_0.mz	270	5	0	1	99	48.0
maze270_5_1.mz	270	5	1	2	98	4.5
maze270_5_2.mz	270	5	2	0	100	NaN
maze270_5_3.mz	270	5	3	0	100	NaN
maze270_5_4.mz	270	5	4	4	96	16.75
maze270_5_5.mz	270	5	5	0	100	NaN
maze270_5_6.mz	270	5	6	0	100	NaN
maze270_5_7.mz	270	5	7	14	86	25.5
maze270_5_8.mz	270	5	8	2	98	17.0
maze270_5_9.mz	270	5	9	0	100	NaN
maze270_10_0.mz	270	10	0	0	100	NaN
maze270_10_1.mz	270	10	1	90	10	8.022222222222222
maze270_10_2.mz	270	10	2	33	67	19.151515151515152
maze270_10_3.mz	270	10	3	13	87	20.0
maze270_10_4.mz	270	10	4	8	92	23.625
maze270_10_5.mz	270	10	5	3	97	23.333333333333332
maze270_10_6.mz	270	10	6	7	93	21.142857142857142
maze270_10_7.mz	270	10	7	10	90	23.0
maze270_10_8.mz	270	10	8	18	82	18.72222222222222
maze270_10_9.mz	270	10	9	1	99	49.0
maze270_15_0.mz	270	15	0	41	59	16.585365853658537
maze270_15_1.mz	270	15	1	16	84	23.75
maze270_15_2.mz	270	15	2	94	6	5.148936170212766
maze270_15_3.mz	270	15	3	0	100	NaN
maze270_15_4.mz	270	15	4	51	49	19.84313725490196
maze270_15_5.mz	270	15	5	10	90	25.3
maze270_15_6.mz	270	15	6	8	92	27.5
maze270_15_7.mz	270	15	7	4	96	13.25
maze270_15_8.mz	270	15	8	58	42	11.879310344827585
maze270_15_9.mz	270	15	9	15	85	16.066666666666666
maze280_5_0.mz	280	5	0	0	100	NaN
maze280_5_1.mz	280	5	1	3	97	28.666666666666668
maze280_5_2.mz	280	5	2	0	100	NaN
maze280_5_3.mz	280	5	3	3	97	14.666666666666666
maze280_5_4.mz	280	5	4	0	100	NaN
maze280_5_5.mz	280	5	5	0	100	NaN
maze280_5_6.mz	280	5	6	7	93	20.285714285714285
maze280_5_7.mz	280	5	7	14	86	23.785714285714285
maze280_5_8.mz	280	5	8	2	98	25.0
maze280_5_9.mz	280	5	9	0	100	NaN
maze280_10_0.mz	280	10	0	26	74	17.53846153846154
maze280_10_1.mz	280	10	1	61	39	16.229508196721312
maze280_10_2.mz	280	10	2	6	94	18.0
maze280_10_3.mz	280	10	3	24	76	20.375
maze280_10_4.mz	280	10	4	8	92	17.625
maze280_10_5.mz	280	10	5	7	93	9.714285714285714
maze280_10_6.mz	280	10	6	24	76	20.75
maze280_10_7.mz	280	10	7	4	96	18.5
maze280_10_8.mz	280	10	8	3	97	5.0
maze280_10_9.mz	280	10	9	5	95	23.8
maze280_20_0.mz	280	20	0	1	99	15.0
maze280_20_1.mz	280	20	1	13	87	21.53846153846154
maze280_20_2.mz	280	20	2	94	6	8.159574468085106
maze280_20_3.mz	280	20	3	1	99	34.0
maze280_20_4.mz	280	20	4	3	97	30.0
maze280_20_5.mz	280	20	5	83	17	10.325301204819278
maze280_20_6.mz	280	20	6	10	90	19.6
maze280_20_7.mz	280	20	7	0	100	NaN
maze280_20_8.mz	280	20	8	1	99	23.0
maze280_20_9.mz	280	20	9	97	3	3.5670103092783507
maze290_5_0.mz	290	5	0	0	100	NaN
maze290_5_1.mz	290	5	1	0	100	NaN
maze290_5_2.mz	290	5	2	2	98	18.0
maze290_5_3.mz	290	5	3	1	99	37.0
maze290_5_4.mz	290	5	4	0	100	NaN
maze290_5_5.mz	290	5	5	1	99	29.0
maze290_5_6.mz	290	5	6	1	99	31.0
maze290_5_7.mz	290	5	7	58	42	14.5
maze290_5_8.mz	290	5	8	1	99	31.0
maze290_5_9.mz	290	5	9	0	100	NaN
maze290_10_0.mz	290	10	0	24	76	21.5
maze290_10_1.mz	290	10	1	27	73	20.40740740740741
maze290_10_2.mz	290	10	2	12	88	28.25
maze290_10_3.mz	290	10	3	18	82	20.77777777777778
maze290_10_4.mz	290	10	4	2	98	9.5
maze290_10_5.mz	290	10	5	53	47	13.716981132075471
maze290_10_6.mz	290	10	6	0	100	NaN
maze290_10_7.mz	290	10	7	52	48	12.826923076923077
maze290_10_8.mz	290	10	8	33	67	12.212121212121213
maze290_10_9.mz	290	10	9	47	53	17.617021276595743
maze300_5_0.mz	300	5	0	0	100	NaN
maze300_5_1.mz	300	5	1	11	89	21.181818181818183
maze300_5_2.mz	300	5	2	0	100	NaN
maze300_5_3.mz	300	5	3	0	100	NaN
maze300_5_4.mz	300	5	4	0	100	NaN
maze300_5_5.mz	300	5	5	0	100	NaN
maze300_5_6.mz	300	5	6	0	100	NaN
maze300_5_7.mz	300	5	7	1	99	44.0
maze300_5_8.mz	300	5	8	1	99	13.0
maze300_5_9.mz	300	5	9	0	100	NaN
maze300_10_0.mz	300	10	0	28	72	18.142857142857142
maze300_10_1.mz	300	10	1	62	38	14.483870967741936
maze300_10_2.mz	300	10	2	1	99	29.0
maze300_10_3.mz	300	10	3	59	41	12.559322033898304
maze300_10_4.mz	300	10	4	1	99	37.0
maze300_10_5.mz	300	10	5	10	90	21.2
maze300_10_6.mz	300	10	6	4	96	22.25
maze300_10_7.mz	300	10	7	15	85	23.533333333333335
maze300_10_8.mz	300	10	8	98	2	3.3469387755102042
maze300_10_9.mz	300	10	9	9	91	26.11111111111111
maze300_15_0.mz	300	15	0	29	71	17.310344827586206
maze300_15_1.mz	300	15	1	53	47	14.660377358490566
maze300_15_2.mz	300	15	2	92	8	7.684782608695652
maze300_15_3.mz	300	15	3	12	88	16.5
maze300_15_4.mz	300	15	4	9	91	32.0
maze300_15_5.mz	300	15	5	1	99	38.0
maze300_15_6.mz	300	15	6	70	30	11.17142857142857
maze300_15_7.mz	300	15	7	45	55	11.755555555555556
maze300_15_8.mz	300	15	8	55	45	14.236363636363636
maze300_15_9.mz	300	15	9	2	98	29.5
maze300_20_0.mz	300	20	0	84	16	7.773809523809524
maze300_20_1.mz	300	20	1	25	75	14.36
maze300_20_2.mz	300	20	2	1	99	11.0
maze300_20_3.mz	300	20	3	29	71	19.344827586206897
maze300_20_4.mz	300	20	4	16	84	16.25
maze300_20_5.mz	300	20	5	36	64	19.666666666666668
maze300_20_6.mz	300	20	6	5	95	20.6
maze300_20_7.mz	300	20	7	75	25	11.426666666666666
maze300_20_8.mz	300	20	8	7	93	23.285714285714285
maze300_20_9.mz	300	20	9	12	88	25.75
maze310_5_0.mz	310	5	0	0	100	NaN
maze310_5_1.mz	310	5	1	2	98	21.5
maze310_5_2.mz	310	5	2	0	100	NaN
maze310_5_3.mz	310	5	3	0	100	NaN
maze310_5_4.mz	310	5	4	1	99	16.0
maze310_5_5.mz	310	5	5	0	100	NaN
maze310_5_6.mz	310	5	6	1	99	45.0
maze310_5_7.mz	310	5	7	0	100	NaN
maze310_5_8.mz	310	5	8	6	94	23.166666666666668
maze310_5_9.mz	310	5	9	25	75	19.28
maze310_10_0.mz	310	10	0	6	94	25.0
maze310_10_1.mz	310	10	1	3	97	23.666666666666668
maze310_10_2.mz	310	10	2	5	95	14.2
maze310_10_3.mz	310	10	3	4	96	22.25
maze310_10_4.mz	310	10	4	0	100	NaN
maze310_10_5.mz	310	10	5	49	51	15.244897959183673
maze310_10_6.mz	310	10	6	0	100	NaN
maze310_10_7.mz	310	10	7	10	90	27.5
maze310_10_8.mz	310	10	8	3	97	19.0
maze310_10_9.mz	310	10	9	0	100	NaN
maze320_5_0.mz	320	5	0	0	100	NaN
maze320_5_1.mz	320	5	1	1	99	0.0
maze320_5_2.mz	320	5	2	0	100	NaN
maze320_5_3.mz	320	5	3	0	100	NaN
maze320_5_4.mz	320	5	4	0	100	NaN
maze320_5_5.mz	320	5	5	0	100	NaN
maze320_5_6.mz	320	5	6	0	100	NaN
maze320_5_7.mz	320	5	7	0	100	NaN
maze320_5_8.mz	320	5	8	0	100	NaN
maze320_5_9.mz	320	5	9	3	97	23.0
maze320_10_0.mz	320	10	0	0	100	NaN
maze320_10_1.mz	320	10	1	2	98	5.0
maze320_10_2.mz	320	10	2	18	82	11.277777777777779
maze320_10_3.mz	320	10	3	1	99	28.0
maze320_10_4.mz	320	10	4	0	100	NaN
maze320_10_5.mz	320	10	5	0	100	NaN
maze320_10_6.mz	320	10	6	13	87	16.46153846153846
maze320_10_7.mz	320	10	7	0	100	NaN
maze320_10_8.mz	320	10	8	2	98	34.0
maze320_10_9.mz	320	10	9	15	85	21.8
maze320_20_0.mz	320	20	0	55	45	11.6
maze320_20_1.mz	320	20	1	10	90	23.0
maze320_20_2.mz	320	20	2	42	58	15.214285714285714
maze320_20_3.mz	320	20	3	76	24	9.355263157894736
maze320_20_4.mz	320	20	4	70	30	11.2
maze320_20_5.mz	320	20	5	0	100	NaN
maze320_20_6.mz	320	20	6	67	33	11.671641791044776
maze320_20_7.mz	320	20	7	52	48	13.442307692307692
maze320_20_8.mz	320	20	8	18	82	13.222222222222221
maze320_20_9.mz	320	20	9	93	7	7.021505376344086
maze330_5_0.mz	330	5	0	0	100	NaN
maze330_5_1.mz	330	5	1	0	100	NaN
maze330_5_2.mz	330	5	2	1	99	21.0
maze330_5_3.mz	330	5	3	1	99	4.0
maze330_5_4.mz	330	5	4	0	100	NaN
maze330_5_5.mz	330	5	5	0	100	NaN
maze330_5_6.mz	330	5	6	0	100	NaN
maze330_5_7.mz	330	5	7	0	100	NaN
