Mode XML Parameters
ACO
maxNumIterations	100
pheromonesEvaporationRate	0.65
alpha	0.85
beta	0.85
numberOfAnts	20
GA
geneType	LSystem
maxNumIterations	50
eliteNumber	0
mutationRate	0.05
crossoverRate	0.6
EVA
acoImportance	0.5
agImportance	0.5
Maze	dimension	col	#	#ok	#no	avg ok
maze20_5_0.mz	20	5	0	100	0	0.2
maze20_5_1.mz	20	5	1	100	0	0.11
maze20_5_2.mz	20	5	2	100	0	0.0
maze20_5_3.mz	20	5	3	100	0	0.55
maze20_5_4.mz	20	5	4	100	0	0.12
maze20_5_5.mz	20	5	5	100	0	0.01
maze20_5_6.mz	20	5	6	100	0	1.11
maze20_5_7.mz	20	5	7	100	0	0.0
maze20_5_8.mz	20	5	8	100	0	0.01
maze20_5_9.mz	20	5	9	100	0	0.48
maze20_10_0.mz	20	10	0	100	0	0.07
maze20_10_1.mz	20	10	1	100	0	0.0
maze20_10_2.mz	20	10	2	100	0	1.13
maze20_10_3.mz	20	10	3	100	0	0.0
maze20_10_4.mz	20	10	4	100	0	0.93
maze20_10_5.mz	20	10	5	100	0	1.66
maze20_10_6.mz	20	10	6	100	0	0.41
maze20_10_7.mz	20	10	7	100	0	0.02
maze20_10_8.mz	20	10	8	100	0	1.38
maze20_10_9.mz	20	10	9	100	0	0.09
maze30_5_0.mz	30	5	0	100	0	0.71
maze30_5_1.mz	30	5	1	99	1	5.484848484848484
maze30_5_2.mz	30	5	2	100	0	5.02
maze30_5_3.mz	30	5	3	100	0	0.0
maze30_5_4.mz	30	5	4	100	0	0.16
maze30_5_5.mz	30	5	5	100	0	0.83
maze30_5_6.mz	30	5	6	100	0	1.0
maze30_5_7.mz	30	5	7	100	0	0.52
maze30_5_8.mz	30	5	8	100	0	1.1
maze30_5_9.mz	30	5	9	100	0	1.37
maze30_10_0.mz	30	10	0	100	0	0.06
maze30_10_1.mz	30	10	1	100	0	0.02
maze30_10_2.mz	30	10	2	100	0	4.43
maze30_10_3.mz	30	10	3	100	0	0.27
maze30_10_4.mz	30	10	4	100	0	0.0
maze30_10_5.mz	30	10	5	100	0	0.11
maze30_10_6.mz	30	10	6	100	0	0.26
maze30_10_7.mz	30	10	7	100	0	3.35
maze30_10_8.mz	30	10	8	100	0	1.93
maze30_10_9.mz	30	10	9	100	0	0.44
maze30_15_0.mz	30	15	0	100	0	0.07
maze30_15_1.mz	30	15	1	100	0	0.01
maze30_15_2.mz	30	15	2	100	0	0.04
maze30_15_3.mz	30	15	3	100	0	1.1
maze30_15_4.mz	30	15	4	100	0	1.46
maze30_15_5.mz	30	15	5	100	0	0.71
maze30_15_6.mz	30	15	6	100	0	1.58
maze30_15_7.mz	30	15	7	100	0	0.04
maze30_15_8.mz	30	15	8	100	0	3.74
maze30_15_9.mz	30	15	9	100	0	0.7
maze40_5_0.mz	40	5	0	96	4	10.5625
maze40_5_1.mz	40	5	1	98	2	6.612244897959184
maze40_5_2.mz	40	5	2	100	0	0.01
maze40_5_3.mz	40	5	3	100	0	0.01
maze40_5_4.mz	40	5	4	100	0	1.77
maze40_5_5.mz	40	5	5	100	0	0.92
maze40_5_6.mz	40	5	6	100	0	2.15
maze40_5_7.mz	40	5	7	100	0	2.04
maze40_5_8.mz	40	5	8	100	0	0.42
maze40_5_9.mz	40	5	9	100	0	0.19
maze40_10_0.mz	40	10	0	100	0	2.25
maze40_10_1.mz	40	10	1	100	0	1.0
maze40_10_2.mz	40	10	2	100	0	0.05
maze40_10_3.mz	40	10	3	100	0	0.48
maze40_10_4.mz	40	10	4	100	0	2.53
maze40_10_5.mz	40	10	5	100	0	0.48
maze40_10_6.mz	40	10	6	100	0	0.89
maze40_10_7.mz	40	10	7	100	0	1.08
maze40_10_8.mz	40	10	8	100	0	1.91
maze40_10_9.mz	40	10	9	100	0	1.14
maze40_20_0.mz	40	20	0	100	0	2.11
maze40_20_1.mz	40	20	1	100	0	1.58
maze40_20_2.mz	40	20	2	100	0	2.25
maze40_20_3.mz	40	20	3	100	0	1.58
maze40_20_4.mz	40	20	4	95	5	8.715789473684211
maze40_20_5.mz	40	20	5	100	0	2.25
maze40_20_6.mz	40	20	6	100	0	0.35
maze40_20_7.mz	40	20	7	100	0	0.29
maze40_20_8.mz	40	20	8	100	0	0.17
maze40_20_9.mz	40	20	9	100	0	3.05
maze50_5_0.mz	50	5	0	100	0	2.37
maze50_5_1.mz	50	5	1	100	0	2.99
maze50_5_2.mz	50	5	2	99	1	8.313131313131313
maze50_5_3.mz	50	5	3	100	0	1.93
maze50_5_4.mz	50	5	4	100	0	0.0
maze50_5_5.mz	50	5	5	100	0	3.97
maze50_5_6.mz	50	5	6	100	0	2.25
maze50_5_7.mz	50	5	7	99	1	3.7474747474747474
maze50_5_8.mz	50	5	8	91	9	13.373626373626374
maze50_5_9.mz	50	5	9	100	0	1.3
maze50_10_0.mz	50	10	0	99	1	6.353535353535354
maze50_10_1.mz	50	10	1	100	0	0.78
maze50_10_2.mz	50	10	2	100	0	1.85
maze50_10_3.mz	50	10	3	100	0	7.0
maze50_10_4.mz	50	10	4	100	0	0.3
maze50_10_5.mz	50	10	5	100	0	1.0
maze50_10_6.mz	50	10	6	100	0	0.07
maze50_10_7.mz	50	10	7	100	0	0.58
maze50_10_8.mz	50	10	8	99	1	9.454545454545455
maze50_10_9.mz	50	10	9	100	0	1.58
maze60_5_0.mz	60	5	0	99	1	4.97979797979798
maze60_5_1.mz	60	5	1	100	0	3.63
maze60_5_2.mz	60	5	2	100	0	2.08
maze60_5_3.mz	60	5	3	96	4	10.21875
maze60_5_4.mz	60	5	4	100	0	0.0
maze60_5_5.mz	60	5	5	99	1	7.888888888888889
maze60_5_6.mz	60	5	6	100	0	0.52
maze60_5_7.mz	60	5	7	100	0	6.9
maze60_5_8.mz	60	5	8	100	0	2.98
maze60_5_9.mz	60	5	9	100	0	0.8
maze60_10_0.mz	60	10	0	100	0	2.93
maze60_10_1.mz	60	10	1	100	0	5.85
maze60_10_2.mz	60	10	2	100	0	1.54
maze60_10_3.mz	60	10	3	99	1	3.242424242424242
maze60_10_4.mz	60	10	4	100	0	0.51
maze60_10_5.mz	60	10	5	100	0	4.2
maze60_10_6.mz	60	10	6	98	2	8.510204081632653
maze60_10_7.mz	60	10	7	100	0	1.76
maze60_10_8.mz	60	10	8	97	3	8.628865979381443
maze60_10_9.mz	60	10	9	100	0	3.9
maze60_15_0.mz	60	15	0	100	0	2.19
maze60_15_1.mz	60	15	1	95	5	14.68421052631579
maze60_15_2.mz	60	15	2	100	0	1.17
maze60_15_3.mz	60	15	3	100	0	0.06
maze60_15_4.mz	60	15	4	100	0	0.41
maze60_15_5.mz	60	15	5	89	11	17.8876404494382
maze60_15_6.mz	60	15	6	87	13	20.149425287356323
maze60_15_7.mz	60	15	7	100	0	0.14
maze60_15_8.mz	60	15	8	99	1	1.9595959595959596
maze60_15_9.mz	60	15	9	95	5	12.873684210526315
maze60_20_0.mz	60	20	0	100	0	0.31
maze60_20_1.mz	60	20	1	100	0	5.2
maze60_20_2.mz	60	20	2	87	13	18.275862068965516
maze60_20_3.mz	60	20	3	100	0	1.01
maze60_20_4.mz	60	20	4	100	0	1.18
maze60_20_5.mz	60	20	5	100	0	4.57
maze60_20_6.mz	60	20	6	93	7	11.419354838709678
maze60_20_7.mz	60	20	7	100	0	4.85
maze60_20_8.mz	60	20	8	100	0	3.26
maze60_20_9.mz	60	20	9	100	0	6.64
maze70_5_0.mz	70	5	0	99	1	5.333333333333333
maze70_5_1.mz	70	5	1	100	0	2.02
maze70_5_2.mz	70	5	2	100	0	0.53
maze70_5_3.mz	70	5	3	100	0	6.75
maze70_5_4.mz	70	5	4	100	0	2.09
maze70_5_5.mz	70	5	5	99	1	7.202020202020202
maze70_5_6.mz	70	5	6	100	0	0.16
maze70_5_7.mz	70	5	7	98	2	6.612244897959184
maze70_5_8.mz	70	5	8	98	2	7.214285714285714
maze70_5_9.mz	70	5	9	93	7	17.29032258064516
maze70_10_0.mz	70	10	0	100	0	7.38
maze70_10_1.mz	70	10	1	100	0	1.17
maze70_10_2.mz	70	10	2	99	1	5.565656565656566
maze70_10_3.mz	70	10	3	100	0	0.72
maze70_10_4.mz	70	10	4	98	2	9.122448979591837
maze70_10_5.mz	70	10	5	100	0	3.34
maze70_10_6.mz	70	10	6	100	0	0.05
maze70_10_7.mz	70	10	7	100	0	0.33
maze70_10_8.mz	70	10	8	100	0	0.62
maze70_10_9.mz	70	10	9	99	1	4.08080808080808
maze80_5_0.mz	80	5	0	99	1	8.797979797979798
maze80_5_1.mz	80	5	1	100	0	2.77
maze80_5_2.mz	80	5	2	98	2	8.326530612244898
maze80_5_3.mz	80	5	3	93	7	12.172043010752688
maze80_5_4.mz	80	5	4	100	0	0.12
maze80_5_5.mz	80	5	5	93	7	12.817204301075268
maze80_5_6.mz	80	5	6	89	11	10.370786516853933
maze80_5_7.mz	80	5	7	85	15	17.71764705882353
maze80_5_8.mz	80	5	8	100	0	3.96
maze80_5_9.mz	80	5	9	96	4	14.666666666666666
maze80_10_0.mz	80	10	0	68	32	23.897058823529413
maze80_10_1.mz	80	10	1	99	1	5.292929292929293
maze80_10_2.mz	80	10	2	100	0	1.45
maze80_10_3.mz	80	10	3	100	0	3.98
maze80_10_4.mz	80	10	4	93	7	15.956989247311828
maze80_10_5.mz	80	10	5	100	0	1.11
maze80_10_6.mz	80	10	6	92	8	14.08695652173913
maze80_10_7.mz	80	10	7	100	0	0.2
maze80_10_8.mz	80	10	8	100	0	3.68
maze80_10_9.mz	80	10	9	97	3	13.11340206185567
maze80_20_0.mz	80	20	0	100	0	0.66
maze80_20_1.mz	80	20	1	78	22	24.333333333333332
maze80_20_2.mz	80	20	2	100	0	0.79
maze80_20_3.mz	80	20	3	88	12	15.215909090909092
maze80_20_4.mz	80	20	4	100	0	1.47
maze80_20_5.mz	80	20	5	98	2	9.061224489795919
maze80_20_6.mz	80	20	6	99	1	4.98989898989899
maze80_20_7.mz	80	20	7	89	11	19.269662921348313
maze80_20_8.mz	80	20	8	97	3	6.494845360824742
maze80_20_9.mz	80	20	9	56	44	33.732142857142854
maze90_5_0.mz	90	5	0	97	3	11.618556701030927
maze90_5_1.mz	90	5	1	26	74	39.15384615384615
maze90_5_2.mz	90	5	2	96	4	7.635416666666667
maze90_5_3.mz	90	5	3	96	4	17.541666666666668
maze90_5_4.mz	90	5	4	99	1	5.98989898989899
maze90_5_5.mz	90	5	5	95	5	12.673684210526316
maze90_5_6.mz	90	5	6	100	0	1.75
maze90_5_7.mz	90	5	7	95	5	12.136842105263158
maze90_5_8.mz	90	5	8	99	1	6.777777777777778
maze90_5_9.mz	90	5	9	45	55	38.91111111111111
maze90_10_0.mz	90	10	0	100	0	2.26
maze90_10_1.mz	90	10	1	100	0	0.9
maze90_10_2.mz	90	10	2	100	0	1.6
maze90_10_3.mz	90	10	3	99	1	3.9494949494949494
maze90_10_4.mz	90	10	4	99	1	2.919191919191919
maze90_10_5.mz	90	10	5	82	18	22.646341463414632
maze90_10_6.mz	90	10	6	100	0	0.55
maze90_10_7.mz	90	10	7	97	3	11.0
maze90_10_8.mz	90	10	8	99	1	4.96969696969697
maze90_10_9.mz	90	10	9	96	4	11.510416666666666
maze90_15_0.mz	90	15	0	100	0	0.82
maze90_15_1.mz	90	15	1	100	0	2.69
maze90_15_2.mz	90	15	2	100	0	0.91
maze90_15_3.mz	90	15	3	94	6	14.22340425531915
maze90_15_4.mz	90	15	4	99	1	6.242424242424242
maze90_15_5.mz	90	15	5	99	1	8.141414141414142
maze90_15_6.mz	90	15	6	23	77	36.52173913043478
maze90_15_7.mz	90	15	7	100	0	3.95
maze90_15_8.mz	90	15	8	100	0	0.56
maze90_15_9.mz	90	15	9	100	0	1.77
maze100_5_0.mz	100	5	0	84	16	19.523809523809526
maze100_5_1.mz	100	5	1	77	23	19.857142857142858
maze100_5_2.mz	100	5	2	79	21	27.151898734177216
maze100_5_3.mz	100	5	3	82	18	20.890243902439025
maze100_5_4.mz	100	5	4	100	0	3.41
maze100_5_5.mz	100	5	5	100	0	1.93
maze100_5_6.mz	100	5	6	96	4	13.71875
maze100_5_7.mz	100	5	7	87	13	14.885057471264368
maze100_5_8.mz	100	5	8	97	3	11.29896907216495
maze100_5_9.mz	100	5	9	81	19	28.703703703703702
maze100_10_0.mz	100	10	0	99	1	7.353535353535354
maze100_10_1.mz	100	10	1	99	1	3.585858585858586
maze100_10_2.mz	100	10	2	86	14	16.96511627906977
maze100_10_3.mz	100	10	3	100	0	5.58
maze100_10_4.mz	100	10	4	100	0	0.39
maze100_10_5.mz	100	10	5	100	0	2.04
maze100_10_6.mz	100	10	6	99	1	1.8484848484848484
maze100_10_7.mz	100	10	7	52	48	35.05769230769231
maze100_10_8.mz	100	10	8	100	0	2.78
maze100_10_9.mz	100	10	9	42	58	35.0
maze100_20_0.mz	100	20	0	100	0	0.29
maze100_20_1.mz	100	20	1	72	28	26.375
maze100_20_2.mz	100	20	2	99	1	15.151515151515152
maze100_20_3.mz	100	20	3	99	1	11.06060606060606
maze100_20_4.mz	100	20	4	95	5	11.715789473684211
maze100_20_5.mz	100	20	5	82	18	21.426829268292682
maze100_20_6.mz	100	20	6	99	1	11.030303030303031
maze100_20_7.mz	100	20	7	91	9	18.78021978021978
maze100_20_8.mz	100	20	8	100	0	0.25
maze100_20_9.mz	100	20	9	66	34	30.87878787878788
maze110_5_0.mz	110	5	0	90	10	15.877777777777778
maze110_5_1.mz	110	5	1	100	0	4.14
maze110_5_2.mz	110	5	2	73	27	23.575342465753426
maze110_5_3.mz	110	5	3	51	49	35.588235294117645
maze110_5_4.mz	110	5	4	93	7	18.849462365591396
maze110_5_5.mz	110	5	5	93	7	17.64516129032258
maze110_5_6.mz	110	5	6	99	1	5.484848484848484
maze110_5_7.mz	110	5	7	86	14	19.88372093023256
maze110_5_8.mz	110	5	8	99	1	7.555555555555555
maze110_5_9.mz	110	5	9	98	2	9.540816326530612
maze110_10_0.mz	110	10	0	100	0	0.14
maze110_10_1.mz	110	10	1	97	3	11.556701030927835
maze110_10_2.mz	110	10	2	100	0	2.0
maze110_10_3.mz	110	10	3	99	1	5.545454545454546
maze110_10_4.mz	110	10	4	14	86	40.57142857142857
maze110_10_5.mz	110	10	5	100	0	1.96
maze110_10_6.mz	110	10	6	100	0	9.92
maze110_10_7.mz	110	10	7	71	29	24.985915492957748
maze110_10_8.mz	110	10	8	97	3	8.072164948453608
maze110_10_9.mz	110	10	9	93	7	18.548387096774192
maze120_5_0.mz	120	5	0	23	77	35.65217391304348
maze120_5_1.mz	120	5	1	97	3	14.597938144329897
maze120_5_2.mz	120	5	2	32	68	41.375
maze120_5_3.mz	120	5	3	80	20	23.375
maze120_5_4.mz	120	5	4	100	0	1.93
maze120_5_5.mz	120	5	5	68	32	33.14705882352941
maze120_5_6.mz	120	5	6	98	2	8.071428571428571
maze120_5_7.mz	120	5	7	82	18	23.609756097560975
maze120_5_8.mz	120	5	8	98	2	8.173469387755102
maze120_5_9.mz	120	5	9	97	3	13.164948453608247
maze120_10_0.mz	120	10	0	100	0	1.37
maze120_10_1.mz	120	10	1	98	2	6.173469387755102
maze120_10_2.mz	120	10	2	100	0	5.69
maze120_10_3.mz	120	10	3	100	0	2.47
maze120_10_4.mz	120	10	4	100	0	6.08
maze120_10_5.mz	120	10	5	100	0	1.85
maze120_10_6.mz	120	10	6	98	2	4.122448979591836
maze120_10_7.mz	120	10	7	100	0	0.84
maze120_10_8.mz	120	10	8	91	9	24.956043956043956
maze120_10_9.mz	120	10	9	100	0	1.94
maze120_15_0.mz	120	15	0	100	0	1.67
maze120_15_1.mz	120	15	1	91	9	16.813186813186814
maze120_15_2.mz	120	15	2	98	2	10.418367346938776
maze120_15_3.mz	120	15	3	100	0	1.11
maze120_15_4.mz	120	15	4	100	0	1.15
maze120_15_5.mz	120	15	5	90	10	8.866666666666667
maze120_15_6.mz	120	15	6	100	0	5.67
maze120_15_7.mz	120	15	7	98	2	9.0
maze120_15_8.mz	120	15	8	87	13	15.367816091954023
maze120_15_9.mz	120	15	9	77	23	24.766233766233768
maze120_20_0.mz	120	20	0	97	3	11.02061855670103
maze120_20_1.mz	120	20	1	100	0	3.2
maze120_20_2.mz	120	20	2	100	0	2.01
maze120_20_3.mz	120	20	3	98	2	8.091836734693878
maze120_20_4.mz	120	20	4	74	26	21.93243243243243
maze120_20_5.mz	120	20	5	99	1	8.131313131313131
maze120_20_6.mz	120	20	6	85	15	23.352941176470587
maze120_20_7.mz	120	20	7	42	58	35.023809523809526
maze120_20_8.mz	120	20	8	99	1	3.3333333333333335
maze120_20_9.mz	120	20	9	95	5	14.968421052631578
maze130_5_0.mz	130	5	0	99	1	5.505050505050505
maze130_5_1.mz	130	5	1	100	0	0.23
maze130_5_2.mz	130	5	2	91	9	14.208791208791208
maze130_5_3.mz	130	5	3	95	5	18.05263157894737
maze130_5_4.mz	130	5	4	93	7	15.473118279569892
maze130_5_5.mz	130	5	5	100	0	1.7
maze130_5_6.mz	130	5	6	97	3	10.051546391752577
maze130_5_7.mz	130	5	7	99	1	1.7272727272727273
maze130_5_8.mz	130	5	8	43	57	33.83720930232558
maze130_5_9.mz	130	5	9	41	59	36.75609756097561
maze130_10_0.mz	130	10	0	98	2	7.326530612244898
maze130_10_1.mz	130	10	1	98	2	7.142857142857143
maze130_10_2.mz	130	10	2	99	1	5.212121212121212
maze130_10_3.mz	130	10	3	100	0	4.29
maze130_10_4.mz	130	10	4	100	0	1.35
maze130_10_5.mz	130	10	5	99	1	4.353535353535354
maze130_10_6.mz	130	10	6	97	3	7.989690721649485
maze130_10_7.mz	130	10	7	100	0	4.03
maze130_10_8.mz	130	10	8	95	5	10.705263157894738
maze130_10_9.mz	130	10	9	96	4	4.708333333333333
maze140_5_0.mz	140	5	0	78	22	23.41025641025641
maze140_5_1.mz	140	5	1	90	10	19.4
maze140_5_2.mz	140	5	2	94	6	17.319148936170212
maze140_5_3.mz	140	5	3	54	46	34.925925925925924
maze140_5_4.mz	140	5	4	86	14	17.127906976744185
maze140_5_5.mz	140	5	5	89	11	18.674157303370787
maze140_5_6.mz	140	5	6	63	37	33.317460317460316
maze140_5_7.mz	140	5	7	89	11	18.584269662921347
maze140_5_8.mz	140	5	8	93	7	17.774193548387096
maze140_5_9.mz	140	5	9	89	11	12.539325842696629
maze140_10_0.mz	140	10	0	34	66	35.88235294117647
maze140_10_1.mz	140	10	1	100	0	0.3
maze140_10_2.mz	140	10	2	100	0	1.45
maze140_10_3.mz	140	10	3	53	47	28.49056603773585
maze140_10_4.mz	140	10	4	71	29	25.028169014084508
maze140_10_5.mz	140	10	5	100	0	1.46
maze140_10_6.mz	140	10	6	60	40	32.06666666666667
maze140_10_7.mz	140	10	7	100	0	3.39
maze140_10_8.mz	140	10	8	100	0	3.21
maze140_10_9.mz	140	10	9	98	2	8.724489795918368
maze140_20_0.mz	140	20	0	94	6	15.574468085106384
maze140_20_1.mz	140	20	1	36	64	32.083333333333336
maze140_20_2.mz	140	20	2	88	12	15.784090909090908
maze140_20_3.mz	140	20	3	73	27	24.027397260273972
maze140_20_4.mz	140	20	4	98	2	12.938775510204081
maze140_20_5.mz	140	20	5	98	2	4.938775510204081
maze140_20_6.mz	140	20	6	99	1	10.424242424242424
maze140_20_7.mz	140	20	7	87	13	16.195402298850574
maze140_20_8.mz	140	20	8	77	23	26.753246753246753
maze140_20_9.mz	140	20	9	95	5	10.557894736842105
maze150_5_0.mz	150	5	0	85	15	22.058823529411764
maze150_5_1.mz	150	5	1	93	7	11.96774193548387
maze150_5_2.mz	150	5	2	49	51	34.87755102040816
maze150_5_3.mz	150	5	3	85	15	24.95294117647059
maze150_5_4.mz	150	5	4	15	85	46.2
maze150_5_5.mz	150	5	5	92	8	9.641304347826088
maze150_5_6.mz	150	5	6	52	48	30.346153846153847
maze150_5_7.mz	150	5	7	15	85	43.13333333333333
maze150_5_8.mz	150	5	8	85	15	20.68235294117647
maze150_5_9.mz	150	5	9	70	30	29.714285714285715
maze150_10_0.mz	150	10	0	79	21	26.924050632911392
maze150_10_1.mz	150	10	1	44	56	33.0
maze150_10_2.mz	150	10	2	80	20	29.5125
maze150_10_3.mz	150	10	3	100	0	4.33
maze150_10_4.mz	150	10	4	93	7	11.505376344086022
maze150_10_5.mz	150	10	5	100	0	2.3
maze150_10_6.mz	150	10	6	99	1	8.363636363636363
maze150_10_7.mz	150	10	7	77	23	23.181818181818183
maze150_10_8.mz	150	10	8	90	10	15.666666666666666
maze150_10_9.mz	150	10	9	87	13	18.586206896551722
maze150_15_0.mz	150	15	0	66	34	28.727272727272727
maze150_15_1.mz	150	15	1	99	1	7.888888888888889
maze150_15_2.mz	150	15	2	94	6	14.361702127659575
maze150_15_3.mz	150	15	3	92	8	19.92391304347826
maze150_15_4.mz	150	15	4	97	3	10.082474226804123
maze150_15_5.mz	150	15	5	99	1	5.202020202020202
maze150_15_6.mz	150	15	6	99	1	5.040404040404041
maze150_15_7.mz	150	15	7	100	0	2.38
maze150_15_8.mz	150	15	8	59	41	40.66101694915254
maze150_15_9.mz	150	15	9	100	0	5.49
maze160_5_0.mz	160	5	0	71	29	29.830985915492956
maze160_5_1.mz	160	5	1	89	11	14.674157303370787
maze160_5_2.mz	160	5	2	47	53	38.93617021276596
maze160_5_3.mz	160	5	3	44	56	41.47727272727273
maze160_5_4.mz	160	5	4	51	49	33.01960784313726
maze160_5_5.mz	160	5	5	78	22	20.153846153846153
maze160_5_6.mz	160	5	6	27	73	42.851851851851855
maze160_5_7.mz	160	5	7	94	6	13.904255319148936
maze160_5_8.mz	160	5	8	58	42	25.379310344827587
maze160_5_9.mz	160	5	9	91	9	16.857142857142858
maze160_10_0.mz	160	10	0	95	5	14.273684210526316
maze160_10_1.mz	160	10	1	93	7	17.172043010752688
maze160_10_2.mz	160	10	2	100	0	2.84
maze160_10_3.mz	160	10	3	86	14	15.883720930232558
maze160_10_4.mz	160	10	4	61	39	27.37704918032787
maze160_10_5.mz	160	10	5	27	73	43.333333333333336
maze160_10_6.mz	160	10	6	92	8	14.402173913043478
maze160_10_7.mz	160	10	7	100	0	2.76
maze160_10_8.mz	160	10	8	62	38	39.17741935483871
maze160_10_9.mz	160	10	9	91	9	17.505494505494507
maze160_20_0.mz	160	20	0	51	49	41.333333333333336
maze160_20_1.mz	160	20	1	97	3	10.268041237113403
maze160_20_2.mz	160	20	2	39	61	30.17948717948718
maze160_20_3.mz	160	20	3	75	25	26.133333333333333
maze160_20_4.mz	160	20	4	100	0	0.23
maze160_20_5.mz	160	20	5	98	2	9.33673469387755
maze160_20_6.mz	160	20	6	72	28	28.069444444444443
maze160_20_7.mz	160	20	7	17	83	36.411764705882355
maze160_20_8.mz	160	20	8	22	78	51.13636363636363
maze160_20_9.mz	160	20	9	99	1	6.171717171717172
maze170_5_0.mz	170	5	0	80	20	23.1125
maze170_5_1.mz	170	5	1	66	34	31.924242424242426
maze170_5_2.mz	170	5	2	33	67	37.42424242424242
maze170_5_3.mz	170	5	3	76	24	28.75
maze170_5_4.mz	170	5	4	26	74	37.26923076923077
maze170_5_5.mz	170	5	5	81	19	23.320987654320987
maze170_5_6.mz	170	5	6	86	14	21.53488372093023
maze170_5_7.mz	170	5	7	79	21	22.11392405063291
maze170_5_8.mz	170	5	8	78	22	22.102564102564102
maze170_5_9.mz	170	5	9	23	77	42.21739130434783
maze170_10_0.mz	170	10	0	99	1	4.090909090909091
maze170_10_1.mz	170	10	1	78	22	25.897435897435898
maze170_10_2.mz	170	10	2	54	46	37.5
maze170_10_3.mz	170	10	3	10	90	70.7
maze170_10_4.mz	170	10	4	99	1	5.191919191919192
maze170_10_5.mz	170	10	5	18	82	47.27777777777778
maze170_10_6.mz	170	10	6	100	0	3.87
maze170_10_7.mz	170	10	7	71	29	25.028169014084508
maze170_10_8.mz	170	10	8	79	21	25.645569620253166
maze170_10_9.mz	170	10	9	100	0	1.88
maze180_5_0.mz	180	5	0	56	44	30.142857142857142
maze180_5_1.mz	180	5	1	7	93	43.857142857142854
maze180_5_2.mz	180	5	2	45	55	39.022222222222226
maze180_5_3.mz	180	5	3	32	68	38.5
maze180_5_4.mz	180	5	4	63	37	43.492063492063494
maze180_5_5.mz	180	5	5	9	91	62.0
maze180_5_6.mz	180	5	6	49	51	29.653061224489797
maze180_5_7.mz	180	5	7	54	46	36.75925925925926
maze180_5_8.mz	180	5	8	22	78	34.09090909090909
maze180_5_9.mz	180	5	9	45	55	35.68888888888889
maze180_10_0.mz	180	10	0	58	42	40.37931034482759
maze180_10_1.mz	180	10	1	93	7	12.043010752688172
maze180_10_2.mz	180	10	2	51	49	34.549019607843135
maze180_10_3.mz	180	10	3	99	1	7.353535353535354
maze180_10_4.mz	180	10	4	73	27	23.136986301369863
maze180_10_5.mz	180	10	5	98	2	10.112244897959183
maze180_10_6.mz	180	10	6	100	0	4.82
maze180_10_7.mz	180	10	7	77	23	27.844155844155843
maze180_10_8.mz	180	10	8	87	13	16.93103448275862
maze180_10_9.mz	180	10	9	49	51	38.3469387755102
maze180_15_0.mz	180	15	0	0	100	NaN
maze180_15_1.mz	180	15	1	82	18	23.097560975609756
maze180_15_2.mz	180	15	2	25	75	34.96
maze180_15_3.mz	180	15	3	100	0	1.47
maze180_15_4.mz	180	15	4	40	60	38.85
maze180_15_5.mz	180	15	5	96	4	13.010416666666666
maze180_15_6.mz	180	15	6	66	34	24.681818181818183
maze180_15_7.mz	180	15	7	94	6	12.904255319148936
maze180_15_8.mz	180	15	8	100	0	0.39
maze180_15_9.mz	180	15	9	98	2	13.693877551020408
maze180_20_0.mz	180	20	0	38	62	28.68421052631579
maze180_20_1.mz	180	20	1	55	45	33.69090909090909
maze180_20_2.mz	180	20	2	4	96	50.5
maze180_20_3.mz	180	20	3	8	92	33.125
maze180_20_4.mz	180	20	4	47	53	31.46808510638298
maze180_20_5.mz	180	20	5	80	20	18.025
maze180_20_6.mz	180	20	6	99	1	8.343434343434344
maze180_20_7.mz	180	20	7	12	88	49.083333333333336
maze180_20_8.mz	180	20	8	5	95	46.2
maze180_20_9.mz	180	20	9	42	58	31.142857142857142
maze190_5_0.mz	190	5	0	20	80	38.4
maze190_5_1.mz	190	5	1	91	9	15.483516483516484
maze190_5_2.mz	190	5	2	29	71	45.48275862068966
maze190_5_3.mz	190	5	3	77	23	20.98701298701299
maze190_5_4.mz	190	5	4	54	46	37.48148148148148
maze190_5_5.mz	190	5	5	51	49	29.54901960784314
maze190_5_6.mz	190	5	6	46	54	38.0
maze190_5_7.mz	190	5	7	51	49	30.764705882352942
maze190_5_8.mz	190	5	8	63	37	33.07936507936508
maze190_5_9.mz	190	5	9	89	11	18.258426966292134
maze190_10_0.mz	190	10	0	99	1	6.212121212121212
maze190_10_1.mz	190	10	1	93	7	10.311827956989248
maze190_10_2.mz	190	10	2	77	23	17.5974025974026
maze190_10_3.mz	190	10	3	96	4	9.645833333333334
maze190_10_4.mz	190	10	4	5	95	38.8
maze190_10_5.mz	190	10	5	91	9	18.9010989010989
maze190_10_6.mz	190	10	6	37	63	37.567567567567565
maze190_10_7.mz	190	10	7	100	0	0.37
maze190_10_8.mz	190	10	8	2	98	30.5
maze190_10_9.mz	190	10	9	44	56	38.02272727272727
maze200_5_0.mz	200	5	0	0	100	NaN
maze200_5_1.mz	200	5	1	23	77	41.391304347826086
maze200_5_2.mz	200	5	2	45	55	38.15555555555556
maze200_5_3.mz	200	5	3	100	0	9.06
maze200_5_4.mz	200	5	4	34	66	40.970588235294116
maze200_5_5.mz	200	5	5	3	97	44.666666666666664
maze200_5_6.mz	200	5	6	53	47	32.509433962264154
maze200_5_7.mz	200	5	7	11	89	48.63636363636363
maze200_5_8.mz	200	5	8	20	80	47.35
maze200_5_9.mz	200	5	9	1	99	27.0
maze200_10_0.mz	200	10	0	66	34	29.257575757575758
maze200_10_1.mz	200	10	1	99	1	5.505050505050505
maze200_10_2.mz	200	10	2	41	59	35.41463414634146
maze200_10_3.mz	200	10	3	99	1	7.02020202020202
maze200_10_4.mz	200	10	4	97	3	8.371134020618557
maze200_10_5.mz	200	10	5	1	99	62.0
maze200_10_6.mz	200	10	6	100	0	4.57
maze200_10_7.mz	200	10	7	18	82	39.27777777777778
maze200_10_8.mz	200	10	8	98	2	14.561224489795919
maze200_10_9.mz	200	10	9	96	4	10.34375
maze200_20_0.mz	200	20	0	30	70	40.233333333333334
maze200_20_1.mz	200	20	1	95	5	15.4
maze200_20_2.mz	200	20	2	94	6	17.117021276595743
maze200_20_3.mz	200	20	3	58	42	25.637931034482758
maze200_20_4.mz	200	20	4	92	8	17.07608695652174
maze200_20_5.mz	200	20	5	51	49	34.411764705882355
maze200_20_6.mz	200	20	6	100	0	3.24
maze200_20_7.mz	200	20	7	96	4	8.989583333333334
maze200_20_8.mz	200	20	8	20	80	44.8
maze200_20_9.mz	200	20	9	83	17	20.771084337349397
maze210_5_0.mz	210	5	0	11	89	60.45454545454545
maze210_5_1.mz	210	5	1	80	20	18.0125
maze210_5_2.mz	210	5	2	58	42	30.655172413793103
maze210_5_3.mz	210	5	3	18	82	50.111111111111114
maze210_5_4.mz	210	5	4	19	81	48.63157894736842
maze210_5_5.mz	210	5	5	34	66	35.294117647058826
maze210_5_6.mz	210	5	6	13	87	52.76923076923077
maze210_5_7.mz	210	5	7	10	90	47.8
maze210_5_8.mz	210	5	8	81	19	23.160493827160494
maze210_5_9.mz	210	5	9	36	64	29.444444444444443
maze210_10_0.mz	210	10	0	84	16	18.035714285714285
maze210_10_1.mz	210	10	1	96	4	11.71875
maze210_10_2.mz	210	10	2	55	45	27.854545454545455
maze210_10_3.mz	210	10	3	89	11	11.404494382022472
maze210_10_4.mz	210	10	4	39	61	33.07692307692308
maze210_10_5.mz	210	10	5	12	88	47.0
maze210_10_6.mz	210	10	6	63	37	25.11111111111111
maze210_10_7.mz	210	10	7	94	6	15.670212765957446
maze210_10_8.mz	210	10	8	65	35	23.73846153846154
maze210_10_9.mz	210	10	9	85	15	29.67058823529412
maze210_15_0.mz	210	15	0	32	68	40.71875
maze210_15_1.mz	210	15	1	59	41	29.423728813559322
maze210_15_2.mz	210	15	2	79	21	19.911392405063292
maze210_15_3.mz	210	15	3	77	23	22.493506493506494
maze210_15_4.mz	210	15	4	48	52	38.104166666666664
maze210_15_5.mz	210	15	5	94	6	21.361702127659573
maze210_15_6.mz	210	15	6	100	0	4.87
maze210_15_7.mz	210	15	7	100	0	3.34
maze210_15_8.mz	210	15	8	78	22	25.435897435897434
maze210_15_9.mz	210	15	9	86	14	18.162790697674417
maze220_5_0.mz	220	5	0	21	79	33.095238095238095
maze220_5_1.mz	220	5	1	27	73	47.74074074074074
maze220_5_2.mz	220	5	2	15	85	50.13333333333333
maze220_5_3.mz	220	5	3	26	74	39.57692307692308
maze220_5_4.mz	220	5	4	17	83	42.588235294117645
maze220_5_5.mz	220	5	5	14	86	43.285714285714285
maze220_5_6.mz	220	5	6	0	100	NaN
maze220_5_7.mz	220	5	7	36	64	51.77777777777778
maze220_5_8.mz	220	5	8	19	81	50.578947368421055
maze220_5_9.mz	220	5	9	33	67	40.06060606060606
maze220_10_0.mz	220	10	0	63	37	34.25396825396825
maze220_10_1.mz	220	10	1	82	18	24.75609756097561
maze220_10_2.mz	220	10	2	45	55	23.4
maze220_10_3.mz	220	10	3	50	50	36.7
maze220_10_4.mz	220	10	4	86	14	17.77906976744186
maze220_10_5.mz	220	10	5	94	6	16.851063829787233
maze220_10_6.mz	220	10	6	27	73	36.96296296296296
maze220_10_7.mz	220	10	7	99	1	6.888888888888889
maze220_10_8.mz	220	10	8	19	81	42.36842105263158
maze220_10_9.mz	220	10	9	16	84	46.75
maze220_20_0.mz	220	20	0	52	48	38.57692307692308
maze220_20_1.mz	220	20	1	100	0	0.06
maze220_20_2.mz	220	20	2	90	10	16.3
maze220_20_3.mz	220	20	3	89	11	20.84269662921348
maze220_20_4.mz	220	20	4	96	4	11.9375
maze220_20_5.mz	220	20	5	100	0	3.83
maze220_20_6.mz	220	20	6	98	2	4.663265306122449
maze220_20_7.mz	220	20	7	93	7	17.053763440860216
maze220_20_8.mz	220	20	8	98	2	12.785714285714286
maze220_20_9.mz	220	20	9	54	46	32.870370370370374
maze230_5_0.mz	230	5	0	3	97	29.333333333333332
maze230_5_1.mz	230	5	1	23	77	37.608695652173914
maze230_5_2.mz	230	5	2	68	32	29.470588235294116
maze230_5_3.mz	230	5	3	6	94	52.5
maze230_5_4.mz	230	5	4	62	38	32.483870967741936
maze230_5_5.mz	230	5	5	20	80	46.55
maze230_5_6.mz	230	5	6	31	69	38.935483870967744
maze230_5_7.mz	230	5	7	3	97	55.666666666666664
maze230_5_8.mz	230	5	8	0	100	NaN
maze230_5_9.mz	230	5	9	0	100	NaN
maze230_10_0.mz	230	10	0	60	40	29.816666666666666
maze230_10_1.mz	230	10	1	57	43	38.29824561403509
maze230_10_2.mz	230	10	2	28	72	42.82142857142857
maze230_10_3.mz	230	10	3	86	14	16.546511627906977
maze230_10_4.mz	230	10	4	73	27	28.71232876712329
maze230_10_5.mz	230	10	5	57	43	32.8421052631579
maze230_10_6.mz	230	10	6	99	1	8.535353535353535
maze230_10_7.mz	230	10	7	99	1	3.4545454545454546
maze230_10_8.mz	230	10	8	98	2	6.6938775510204085
maze230_10_9.mz	230	10	9	13	87	55.69230769230769
maze240_5_0.mz	240	5	0	0	100	NaN
maze240_5_1.mz	240	5	1	22	78	44.36363636363637
maze240_5_2.mz	240	5	2	44	56	39.11363636363637
maze240_5_3.mz	240	5	3	4	96	62.25
maze240_5_4.mz	240	5	4	6	94	58.166666666666664
maze240_5_5.mz	240	5	5	80	20	32.1
maze240_5_6.mz	240	5	6	52	48	32.78846153846154
maze240_5_7.mz	240	5	7	47	53	36.680851063829785
maze240_5_8.mz	240	5	8	65	35	37.87692307692308
maze240_5_9.mz	240	5	9	5	95	33.4
maze240_10_0.mz	240	10	0	0	100	NaN
maze240_10_1.mz	240	10	1	21	79	29.714285714285715
maze240_10_2.mz	240	10	2	50	50	36.26
maze240_10_3.mz	240	10	3	96	4	11.395833333333334
maze240_10_4.mz	240	10	4	91	9	15.725274725274724
maze240_10_5.mz	240	10	5	21	79	53.61904761904762
maze240_10_6.mz	240	10	6	67	33	30.71641791044776
maze240_10_7.mz	240	10	7	37	63	36.13513513513514
maze240_10_8.mz	240	10	8	100	0	2.97
maze240_10_9.mz	240	10	9	53	47	32.264150943396224
maze240_15_0.mz	240	15	0	99	1	7.191919191919192
maze240_15_1.mz	240	15	1	90	10	16.3
maze240_15_2.mz	240	15	2	78	22	21.525641025641026
maze240_15_3.mz	240	15	3	99	1	3.1717171717171717
maze240_15_4.mz	240	15	4	6	94	46.833333333333336
maze240_15_5.mz	240	15	5	100	0	1.67
maze240_15_6.mz	240	15	6	97	3	13.22680412371134
maze240_15_7.mz	240	15	7	13	87	39.76923076923077
maze240_15_8.mz	240	15	8	77	23	21.207792207792206
maze240_15_9.mz	240	15	9	79	21	22.72151898734177
maze240_20_0.mz	240	20	0	99	1	4.101010101010101
maze240_20_1.mz	240	20	1	100	0	2.37
maze240_20_2.mz	240	20	2	80	20	22.95
maze240_20_3.mz	240	20	3	22	78	46.0
maze240_20_4.mz	240	20	4	33	67	36.36363636363637
maze240_20_5.mz	240	20	5	88	12	13.727272727272727
maze240_20_6.mz	240	20	6	68	32	29.220588235294116
maze240_20_7.mz	240	20	7	65	35	29.107692307692307
maze240_20_8.mz	240	20	8	10	90	53.1
maze240_20_9.mz	240	20	9	37	63	44.67567567567568
maze250_5_0.mz	250	5	0	3	97	46.666666666666664
maze250_5_1.mz	250	5	1	2	98	76.0
maze250_5_2.mz	250	5	2	27	73	44.666666666666664
maze250_5_3.mz	250	5	3	5	95	48.2
maze250_5_4.mz	250	5	4	37	63	42.78378378378378
maze250_5_5.mz	250	5	5	3	97	41.333333333333336
maze250_5_6.mz	250	5	6	51	49	40.490196078431374
maze250_5_7.mz	250	5	7	10	90	42.9
maze250_5_8.mz	250	5	8	29	71	44.55172413793103
maze250_5_9.mz	250	5	9	34	66	39.205882352941174
maze250_10_0.mz	250	10	0	0	100	NaN
maze250_10_1.mz	250	10	1	96	4	8.760416666666666
maze250_10_2.mz	250	10	2	3	97	57.666666666666664
maze250_10_3.mz	250	10	3	35	65	35.8
maze250_10_4.mz	250	10	4	54	46	37.333333333333336
maze250_10_5.mz	250	10	5	84	16	22.011904761904763
maze250_10_6.mz	250	10	6	98	2	10.683673469387756
maze250_10_7.mz	250	10	7	13	87	45.69230769230769
maze250_10_8.mz	250	10	8	9	91	38.44444444444444
maze250_10_9.mz	250	10	9	71	29	34.070422535211264
maze260_5_0.mz	260	5	0	21	79	40.76190476190476
maze260_5_1.mz	260	5	1	1	99	26.0
maze260_5_2.mz	260	5	2	1	99	34.0
maze260_5_3.mz	260	5	3	39	61	37.17948717948718
maze260_5_4.mz	260	5	4	20	80	39.3
maze260_5_5.mz	260	5	5	54	46	40.44444444444444
maze260_5_6.mz	260	5	6	37	63	49.4054054054054
maze260_5_7.mz	260	5	7	31	69	34.61290322580645
maze260_5_8.mz	260	5	8	92	8	21.956521739130434
maze260_5_9.mz	260	5	9	1	99	3.0
maze260_10_0.mz	260	10	0	3	97	26.666666666666668
maze260_10_1.mz	260	10	1	3	97	33.0
maze260_10_2.mz	260	10	2	33	67	52.54545454545455
maze260_10_3.mz	260	10	3	25	75	41.36
maze260_10_4.mz	260	10	4	7	93	28.714285714285715
maze260_10_5.mz	260	10	5	71	29	29.197183098591548
maze260_10_6.mz	260	10	6	62	38	35.25806451612903
maze260_10_7.mz	260	10	7	29	71	36.10344827586207
maze260_10_8.mz	260	10	8	0	100	NaN
maze260_10_9.mz	260	10	9	1	99	88.0
maze260_20_0.mz	260	20	0	36	64	35.916666666666664
maze260_20_1.mz	260	20	1	28	72	44.357142857142854
maze260_20_2.mz	260	20	2	33	67	46.93939393939394
maze260_20_3.mz	260	20	3	1	99	5.0
maze260_20_4.mz	260	20	4	88	12	17.113636363636363
maze260_20_5.mz	260	20	5	3	97	37.333333333333336
maze260_20_6.mz	260	20	6	33	67	44.81818181818182
maze260_20_7.mz	260	20	7	42	58	40.95238095238095
maze260_20_8.mz	260	20	8	99	1	5.313131313131313
maze260_20_9.mz	260	20	9	88	12	21.772727272727273
maze270_5_0.mz	270	5	0	1	99	43.0
maze270_5_1.mz	270	5	1	2	98	49.0
maze270_5_2.mz	270	5	2	4	96	53.25
maze270_5_3.mz	270	5	3	6	94	40.833333333333336
maze270_5_4.mz	270	5	4	64	36	30.015625
maze270_5_5.mz	270	5	5	1	99	32.0
maze270_5_6.mz	270	5	6	8	92	46.0
maze270_5_7.mz	270	5	7	28	72	54.785714285714285
maze270_5_8.mz	270	5	8	11	89	32.09090909090909
maze270_5_9.mz	270	5	9	5	95	44.2
maze270_10_0.mz	270	10	0	8	92	42.75
maze270_10_1.mz	270	10	1	98	2	6.948979591836735
maze270_10_2.mz	270	10	2	70	30	31.142857142857142
maze270_10_3.mz	270	10	3	20	80	38.0
maze270_10_4.mz	270	10	4	20	80	44.65
maze270_10_5.mz	270	10	5	2	98	31.0
maze270_10_6.mz	270	10	6	17	83	38.0
maze270_10_7.mz	270	10	7	45	55	36.333333333333336
maze270_10_8.mz	270	10	8	53	47	26.67924528301887
maze270_10_9.mz	270	10	9	16	84	52.4375
maze270_15_0.mz	270	15	0	67	33	24.82089552238806
maze270_15_1.mz	270	15	1	59	41	22.1864406779661
maze270_15_2.mz	270	15	2	99	1	4.252525252525253
maze270_15_3.mz	270	15	3	0	100	NaN
maze270_15_4.mz	270	15	4	89	11	18.98876404494382
maze270_15_5.mz	270	15	5	15	85	34.0
maze270_15_6.mz	270	15	6	26	74	44.65384615384615
maze270_15_7.mz	270	15	7	12	88	44.333333333333336
maze270_15_8.mz	270	15	8	96	4	12.083333333333334
maze270_15_9.mz	270	15	9	31	69	32.32258064516129
maze280_5_0.mz	280	5	0	0	100	NaN
maze280_5_1.mz	280	5	1	5	95	53.4
maze280_5_2.mz	280	5	2	7	93	59.285714285714285
maze280_5_3.mz	280	5	3	1	99	71.0
maze280_5_4.mz	280	5	4	0	100	NaN
maze280_5_5.mz	280	5	5	1	99	25.0
maze280_5_6.mz	280	5	6	13	87	53.0
maze280_5_7.mz	280	5	7	33	67	37.333333333333336
maze280_5_8.mz	280	5	8	3	97	67.66666666666667
maze280_5_9.mz	280	5	9	2	98	33.0
maze280_10_0.mz	280	10	0	65	35	28.96923076923077
maze280_10_1.mz	280	10	1	99	1	10.05050505050505
maze280_10_2.mz	280	10	2	5	95	41.4
maze280_10_3.mz	280	10	3	38	62	40.36842105263158
maze280_10_4.mz	280	10	4	22	78	51.22727272727273
maze280_10_5.mz	280	10	5	42	58	39.45238095238095
maze280_10_6.mz	280	10	6	73	27	28.78082191780822
maze280_10_7.mz	280	10	7	7	93	48.285714285714285
maze280_10_8.mz	280	10	8	7	93	32.142857142857146
maze280_10_9.mz	280	10	9	15	85	50.4
maze280_20_0.mz	280	20	0	10	90	53.2
maze280_20_1.mz	280	20	1	63	37	38.095238095238095
maze280_20_2.mz	280	20	2	100	0	4.89
maze280_20_3.mz	280	20	3	10	90	47.1
maze280_20_4.mz	280	20	4	4	96	51.25
maze280_20_5.mz	280	20	5	98	2	8.806122448979592
maze280_20_6.mz	280	20	6	27	73	37.370370370370374
maze280_20_7.mz	280	20	7	6	94	58.5
maze280_20_8.mz	280	20	8	8	92	33.25
maze280_20_9.mz	280	20	9	100	0	2.67
maze290_5_0.mz	290	5	0	0	100	NaN
maze290_5_1.mz	290	5	1	5	95	62.4
maze290_5_2.mz	290	5	2	0	100	NaN
maze290_5_3.mz	290	5	3	5	95	54.6
maze290_5_4.mz	290	5	4	5	95	67.4
maze290_5_5.mz	290	5	5	3	97	62.666666666666664
maze290_5_6.mz	290	5	6	1	99	98.0
maze290_5_7.mz	290	5	7	93	7	13.86021505376344
maze290_5_8.mz	290	5	8	0	100	NaN
maze290_5_9.mz	290	5	9	3	97	46.666666666666664
maze290_10_0.mz	290	10	0	45	55	33.955555555555556
maze290_10_1.mz	290	10	1	42	58	41.214285714285715
maze290_10_2.mz	290	10	2	44	56	44.11363636363637
maze290_10_3.mz	290	10	3	55	45	30.12727272727273
maze290_10_4.mz	290	10	4	61	39	33.73770491803279
maze290_10_5.mz	290	10	5	74	26	27.10810810810811
maze290_10_6.mz	290	10	6	4	96	50.5
maze290_10_7.mz	290	10	7	79	21	23.27848101265823
maze290_10_8.mz	290	10	8	65	35	31.70769230769231
maze290_10_9.mz	290	10	9	73	27	30.424657534246574
maze300_5_0.mz	300	5	0	0	100	NaN
maze300_5_1.mz	300	5	1	20	80	49.8
maze300_5_2.mz	300	5	2	0	100	NaN
maze300_5_3.mz	300	5	3	1	99	48.0
maze300_5_4.mz	300	5	4	0	100	NaN
maze300_5_5.mz	300	5	5	0	100	NaN
maze300_5_6.mz	300	5	6	0	100	NaN
maze300_5_7.mz	300	5	7	0	100	NaN
maze300_5_8.mz	300	5	8	2	98	79.0
maze300_5_9.mz	300	5	9	10	90	35.7
maze300_10_0.mz	300	10	0	82	18	22.414634146341463
maze300_10_1.mz	300	10	1	79	21	21.531645569620252
maze300_10_2.mz	300	10	2	27	73	42.888888888888886
maze300_10_3.mz	300	10	3	99	1	11.535353535353535
maze300_10_4.mz	300	10	4	7	93	27.285714285714285
maze300_10_5.mz	300	10	5	27	73	35.0
maze300_10_6.mz	300	10	6	36	64	35.30555555555556
maze300_10_7.mz	300	10	7	28	72	46.535714285714285
maze300_10_8.mz	300	10	8	100	0	2.44
maze300_10_9.mz	300	10	9	9	91	20.333333333333332
maze300_15_0.mz	300	15	0	42	58	35.857142857142854
maze300_15_1.mz	300	15	1	88	12	23.21590909090909
maze300_15_2.mz	300	15	2	97	3	5.412371134020619
maze300_15_3.mz	300	15	3	25	75	52.0
maze300_15_4.mz	300	15	4	33	67	38.78787878787879
maze300_15_5.mz	300	15	5	8	92	52.875
maze300_15_6.mz	300	15	6	94	6	12.627659574468085
maze300_15_7.mz	300	15	7	65	35	28.953846153846154
maze300_15_8.mz	300	15	8	76	24	19.355263157894736
maze300_15_9.mz	300	15	9	5	95	45.2
maze300_20_0.mz	300	20	0	100	0	7.57
maze300_20_1.mz	300	20	1	52	48	31.75
maze300_20_2.mz	300	20	2	7	93	51.0
maze300_20_3.mz	300	20	3	73	27	26.84931506849315
maze300_20_4.mz	300	20	4	32	68	33.90625
maze300_20_5.mz	300	20	5	45	55	31.6
maze300_20_6.mz	300	20	6	35	65	34.77142857142857
maze300_20_7.mz	300	20	7	99	1	6.474747474747475
maze300_20_8.mz	300	20	8	38	62	39.71052631578947
maze300_20_9.mz	300	20	9	46	54	31.97826086956522