Mode XML Parameters
ACO
maxNumIterations	100
pheromonesEvaporationRate	0.65
alpha	0.85
beta	0.85
numberOfAnts	20
GA
geneType	LSystem
maxNumIterations	50
eliteNumber	0
mutationRate	0.05
crossoverRate	0.6
EVA
acoImportance	0.25
agImportance	0.75
Maze	dimension	col	#	#ok	#no	avg ok
maze20_5_0.mz	20	5	0	100	0	0.23
maze20_5_1.mz	20	5	1	100	0	0.12
maze20_5_2.mz	20	5	2	100	0	0.0
maze20_5_3.mz	20	5	3	100	0	0.35
maze20_5_4.mz	20	5	4	100	0	0.07
maze20_5_5.mz	20	5	5	100	0	0.0
maze20_5_6.mz	20	5	6	100	0	0.72
maze20_5_7.mz	20	5	7	100	0	0.0
maze20_5_8.mz	20	5	8	100	0	0.0
maze20_5_9.mz	20	5	9	100	0	0.25
maze20_10_0.mz	20	10	0	100	0	0.02
maze20_10_1.mz	20	10	1	100	0	0.0
maze20_10_2.mz	20	10	2	100	0	0.56
maze20_10_3.mz	20	10	3	100	0	0.0
maze20_10_4.mz	20	10	4	100	0	0.21
maze20_10_5.mz	20	10	5	100	0	1.02
maze20_10_6.mz	20	10	6	100	0	0.12
maze20_10_7.mz	20	10	7	100	0	0.0
maze20_10_8.mz	20	10	8	100	0	0.86
maze20_10_9.mz	20	10	9	100	0	0.0
maze30_5_0.mz	30	5	0	100	0	0.64
maze30_5_1.mz	30	5	1	100	0	4.87
maze30_5_2.mz	30	5	2	100	0	1.63
maze30_5_3.mz	30	5	3	100	0	0.0
maze30_5_4.mz	30	5	4	100	0	0.04
maze30_5_5.mz	30	5	5	100	0	0.68
maze30_5_6.mz	30	5	6	100	0	0.27
maze30_5_7.mz	30	5	7	100	0	0.55
maze30_5_8.mz	30	5	8	100	0	0.76
maze30_5_9.mz	30	5	9	100	0	0.55
maze30_10_0.mz	30	10	0	100	0	0.02
maze30_10_1.mz	30	10	1	100	0	0.0
maze30_10_2.mz	30	10	2	100	0	2.01
maze30_10_3.mz	30	10	3	100	0	0.03
maze30_10_4.mz	30	10	4	100	0	0.0
maze30_10_5.mz	30	10	5	100	0	0.0
maze30_10_6.mz	30	10	6	100	0	0.16
maze30_10_7.mz	30	10	7	100	0	1.31
maze30_10_8.mz	30	10	8	100	0	0.97
maze30_10_9.mz	30	10	9	100	0	0.28
maze30_15_0.mz	30	15	0	100	0	0.08
maze30_15_1.mz	30	15	1	100	0	0.0
maze30_15_2.mz	30	15	2	100	0	0.0
maze30_15_3.mz	30	15	3	100	0	0.84
maze30_15_4.mz	30	15	4	100	0	1.81
maze30_15_5.mz	30	15	5	100	0	0.08
maze30_15_6.mz	30	15	6	100	0	2.03
maze30_15_7.mz	30	15	7	100	0	0.01
maze30_15_8.mz	30	15	8	100	0	2.44
maze30_15_9.mz	30	15	9	100	0	0.11
maze40_5_0.mz	40	5	0	99	1	5.454545454545454
maze40_5_1.mz	40	5	1	100	0	3.37
maze40_5_2.mz	40	5	2	100	0	0.0
maze40_5_3.mz	40	5	3	100	0	0.0
maze40_5_4.mz	40	5	4	100	0	1.77
maze40_5_5.mz	40	5	5	100	0	0.96
maze40_5_6.mz	40	5	6	100	0	1.71
maze40_5_7.mz	40	5	7	100	0	1.24
maze40_5_8.mz	40	5	8	100	0	0.24
maze40_5_9.mz	40	5	9	100	0	0.03
maze40_10_0.mz	40	10	0	100	0	1.56
maze40_10_1.mz	40	10	1	100	0	1.22
maze40_10_2.mz	40	10	2	100	0	0.0
maze40_10_3.mz	40	10	3	100	0	0.33
maze40_10_4.mz	40	10	4	100	0	1.27
maze40_10_5.mz	40	10	5	100	0	0.31
maze40_10_6.mz	40	10	6	100	0	0.41
maze40_10_7.mz	40	10	7	100	0	0.47
maze40_10_8.mz	40	10	8	100	0	0.6
maze40_10_9.mz	40	10	9	100	0	0.4
maze40_20_0.mz	40	20	0	100	0	0.39
maze40_20_1.mz	40	20	1	100	0	0.28
maze40_20_2.mz	40	20	2	100	0	2.52
maze40_20_3.mz	40	20	3	100	0	1.15
maze40_20_4.mz	40	20	4	100	0	5.28
maze40_20_5.mz	40	20	5	100	0	1.95
maze40_20_6.mz	40	20	6	100	0	0.25
maze40_20_7.mz	40	20	7	100	0	0.46
maze40_20_8.mz	40	20	8	100	0	0.18
maze40_20_9.mz	40	20	9	100	0	3.16
maze50_5_0.mz	50	5	0	100	0	1.64
maze50_5_1.mz	50	5	1	100	0	3.72
maze50_5_2.mz	50	5	2	100	0	2.89
maze50_5_3.mz	50	5	3	100	0	1.64
maze50_5_4.mz	50	5	4	100	0	0.0
maze50_5_5.mz	50	5	5	100	0	1.44
maze50_5_6.mz	50	5	6	100	0	1.68
maze50_5_7.mz	50	5	7	100	0	1.24
maze50_5_8.mz	50	5	8	89	11	20.93258426966292
maze50_5_9.mz	50	5	9	100	0	0.28
maze50_10_0.mz	50	10	0	100	0	5.8
maze50_10_1.mz	50	10	1	100	0	0.97
maze50_10_2.mz	50	10	2	100	0	1.23
maze50_10_3.mz	50	10	3	100	0	6.02
maze50_10_4.mz	50	10	4	100	0	0.42
maze50_10_5.mz	50	10	5	100	0	0.95
maze50_10_6.mz	50	10	6	100	0	0.02
maze50_10_7.mz	50	10	7	100	0	0.41
maze50_10_8.mz	50	10	8	100	0	2.01
maze50_10_9.mz	50	10	9	100	0	0.94
maze60_5_0.mz	60	5	0	100	0	3.4
maze60_5_1.mz	60	5	1	100	0	4.59
maze60_5_2.mz	60	5	2	100	0	1.19
maze60_5_3.mz	60	5	3	100	0	3.11
maze60_5_4.mz	60	5	4	100	0	0.0
maze60_5_5.mz	60	5	5	100	0	4.53
maze60_5_6.mz	60	5	6	100	0	0.4
maze60_5_7.mz	60	5	7	100	0	2.42
maze60_5_8.mz	60	5	8	100	0	1.52
maze60_5_9.mz	60	5	9	100	0	0.63
maze60_10_0.mz	60	10	0	100	0	2.48
maze60_10_1.mz	60	10	1	100	0	2.38
maze60_10_2.mz	60	10	2	100	0	2.33
maze60_10_3.mz	60	10	3	100	0	2.17
maze60_10_4.mz	60	10	4	100	0	0.34
maze60_10_5.mz	60	10	5	100	0	2.63
maze60_10_6.mz	60	10	6	100	0	6.47
maze60_10_7.mz	60	10	7	100	0	1.64
maze60_10_8.mz	60	10	8	100	0	6.05
maze60_10_9.mz	60	10	9	100	0	2.74
maze60_15_0.mz	60	15	0	100	0	3.46
maze60_15_1.mz	60	15	1	98	2	23.040816326530614
maze60_15_2.mz	60	15	2	100	0	1.7
maze60_15_3.mz	60	15	3	100	0	0.04
maze60_15_4.mz	60	15	4	100	0	0.13
maze60_15_5.mz	60	15	5	91	9	19.52747252747253
maze60_15_6.mz	60	15	6	95	5	23.94736842105263
maze60_15_7.mz	60	15	7	100	0	0.07
maze60_15_8.mz	60	15	8	100	0	1.79
maze60_15_9.mz	60	15	9	99	1	11.505050505050505
maze60_20_0.mz	60	20	0	100	0	0.41
maze60_20_1.mz	60	20	1	100	0	3.07
maze60_20_2.mz	60	20	2	100	0	13.11
maze60_20_3.mz	60	20	3	100	0	1.06
maze60_20_4.mz	60	20	4	100	0	0.23
maze60_20_5.mz	60	20	5	100	0	5.12
maze60_20_6.mz	60	20	6	98	2	10.306122448979592
maze60_20_7.mz	60	20	7	100	0	3.96
maze60_20_8.mz	60	20	8	100	0	0.63
maze60_20_9.mz	60	20	9	100	0	7.25
maze70_5_0.mz	70	5	0	100	0	3.26
maze70_5_1.mz	70	5	1	100	0	1.21
maze70_5_2.mz	70	5	2	100	0	0.17
maze70_5_3.mz	70	5	3	100	0	5.6
maze70_5_4.mz	70	5	4	100	0	2.08
maze70_5_5.mz	70	5	5	100	0	3.98
maze70_5_6.mz	70	5	6	100	0	0.18
maze70_5_7.mz	70	5	7	98	2	6.744897959183674
maze70_5_8.mz	70	5	8	100	0	6.58
maze70_5_9.mz	70	5	9	98	2	7.112244897959184
maze70_10_0.mz	70	10	0	99	1	4.333333333333333
maze70_10_1.mz	70	10	1	100	0	0.36
maze70_10_2.mz	70	10	2	100	0	6.86
maze70_10_3.mz	70	10	3	100	0	1.33
maze70_10_4.mz	70	10	4	100	0	6.33
maze70_10_5.mz	70	10	5	100	0	1.4
maze70_10_6.mz	70	10	6	100	0	0.02
maze70_10_7.mz	70	10	7	100	0	0.11
maze70_10_8.mz	70	10	8	100	0	0.43
maze70_10_9.mz	70	10	9	100	0	4.05
maze80_5_0.mz	80	5	0	99	1	8.646464646464647
maze80_5_1.mz	80	5	1	100	0	2.64
maze80_5_2.mz	80	5	2	96	4	8.854166666666666
maze80_5_3.mz	80	5	3	97	3	16.649484536082475
maze80_5_4.mz	80	5	4	100	0	0.03
maze80_5_5.mz	80	5	5	94	6	22.574468085106382
maze80_5_6.mz	80	5	6	92	8	17.08695652173913
maze80_5_7.mz	80	5	7	89	11	33.71910112359551
maze80_5_8.mz	80	5	8	100	0	5.65
maze80_5_9.mz	80	5	9	98	2	11.86734693877551
maze80_10_0.mz	80	10	0	82	18	22.317073170731707
maze80_10_1.mz	80	10	1	100	0	5.66
maze80_10_2.mz	80	10	2	100	0	1.01
maze80_10_3.mz	80	10	3	100	0	3.24
maze80_10_4.mz	80	10	4	95	5	18.326315789473686
maze80_10_5.mz	80	10	5	100	0	0.44
maze80_10_6.mz	80	10	6	99	1	6.252525252525253
maze80_10_7.mz	80	10	7	100	0	0.08
maze80_10_8.mz	80	10	8	100	0	2.68
maze80_10_9.mz	80	10	9	99	1	6.787878787878788
maze80_20_0.mz	80	20	0	100	0	0.23
maze80_20_1.mz	80	20	1	92	8	24.07608695652174
maze80_20_2.mz	80	20	2	100	0	0.56
maze80_20_3.mz	80	20	3	98	2	19.367346938775512
maze80_20_4.mz	80	20	4	100	0	1.42
maze80_20_5.mz	80	20	5	100	0	3.19
maze80_20_6.mz	80	20	6	100	0	1.25
maze80_20_7.mz	80	20	7	98	2	14.122448979591837
maze80_20_8.mz	80	20	8	99	1	5.111111111111111
maze80_20_9.mz	80	20	9	50	50	39.18
maze90_5_0.mz	90	5	0	100	0	4.9
maze90_5_1.mz	90	5	1	41	59	37.853658536585364
maze90_5_2.mz	90	5	2	100	0	9.02
maze90_5_3.mz	90	5	3	100	0	13.11
maze90_5_4.mz	90	5	4	100	0	4.83
maze90_5_5.mz	90	5	5	97	3	10.835051546391753
maze90_5_6.mz	90	5	6	100	0	2.54
maze90_5_7.mz	90	5	7	98	2	10.959183673469388
maze90_5_8.mz	90	5	8	100	0	2.14
maze90_5_9.mz	90	5	9	34	66	42.88235294117647
maze90_10_0.mz	90	10	0	100	0	1.34
maze90_10_1.mz	90	10	1	100	0	0.42
maze90_10_2.mz	90	10	2	100	0	0.58
maze90_10_3.mz	90	10	3	100	0	1.84
maze90_10_4.mz	90	10	4	100	0	1.94
maze90_10_5.mz	90	10	5	89	11	18.370786516853933
maze90_10_6.mz	90	10	6	100	0	0.71
maze90_10_7.mz	90	10	7	100	0	10.09
maze90_10_8.mz	90	10	8	100	0	1.99
maze90_10_9.mz	90	10	9	100	0	5.23
maze90_15_0.mz	90	15	0	100	0	0.49
maze90_15_1.mz	90	15	1	100	0	2.55
maze90_15_2.mz	90	15	2	100	0	0.46
maze90_15_3.mz	90	15	3	95	5	15.663157894736843
maze90_15_4.mz	90	15	4	100	0	3.56
maze90_15_5.mz	90	15	5	100	0	5.37
maze90_15_6.mz	90	15	6	21	79	57.142857142857146
maze90_15_7.mz	90	15	7	100	0	2.89
maze90_15_8.mz	90	15	8	100	0	0.17
maze90_15_9.mz	90	15	9	100	0	1.32
maze100_5_0.mz	100	5	0	98	2	19.79591836734694
maze100_5_1.mz	100	5	1	92	8	22.641304347826086
maze100_5_2.mz	100	5	2	97	3	10.02061855670103
maze100_5_3.mz	100	5	3	82	18	30.585365853658537
maze100_5_4.mz	100	5	4	100	0	0.53
maze100_5_5.mz	100	5	5	100	0	1.19
maze100_5_6.mz	100	5	6	97	3	13.556701030927835
maze100_5_7.mz	100	5	7	99	1	9.434343434343434
maze100_5_8.mz	100	5	8	98	2	12.091836734693878
maze100_5_9.mz	100	5	9	94	6	22.43617021276596
maze100_10_0.mz	100	10	0	100	0	9.57
maze100_10_1.mz	100	10	1	100	0	2.25
maze100_10_2.mz	100	10	2	82	18	16.365853658536587
maze100_10_3.mz	100	10	3	100	0	4.93
maze100_10_4.mz	100	10	4	100	0	0.4
maze100_10_5.mz	100	10	5	100	0	0.87
maze100_10_6.mz	100	10	6	100	0	1.87
maze100_10_7.mz	100	10	7	74	26	30.39189189189189
maze100_10_8.mz	100	10	8	100	0	2.63
maze100_10_9.mz	100	10	9	36	64	52.52777777777778
maze100_20_0.mz	100	20	0	100	0	0.11
maze100_20_1.mz	100	20	1	71	29	32.49295774647887
maze100_20_2.mz	100	20	2	99	1	5.03030303030303
maze100_20_3.mz	100	20	3	100	0	7.95
maze100_20_4.mz	100	20	4	99	1	11.676767676767676
maze100_20_5.mz	100	20	5	87	13	20.74712643678161
maze100_20_6.mz	100	20	6	98	2	4.877551020408164
maze100_20_7.mz	100	20	7	94	6	14.627659574468085
maze100_20_8.mz	100	20	8	100	0	0.09
maze100_20_9.mz	100	20	9	66	34	32.15151515151515
maze110_5_0.mz	110	5	0	100	0	8.06
maze110_5_1.mz	110	5	1	100	0	1.69
maze110_5_2.mz	110	5	2	66	34	29.90909090909091
maze110_5_3.mz	110	5	3	30	70	46.7
maze110_5_4.mz	110	5	4	95	5	17.063157894736843
maze110_5_5.mz	110	5	5	94	6	18.585106382978722
maze110_5_6.mz	110	5	6	99	1	10.343434343434344
maze110_5_7.mz	110	5	7	99	1	8.262626262626263
maze110_5_8.mz	110	5	8	100	0	1.13
maze110_5_9.mz	110	5	9	100	0	6.09
maze110_10_0.mz	110	10	0	100	0	0.11
maze110_10_1.mz	110	10	1	99	1	8.646464646464647
maze110_10_2.mz	110	10	2	100	0	1.77
maze110_10_3.mz	110	10	3	100	0	2.16
maze110_10_4.mz	110	10	4	5	95	33.0
maze110_10_5.mz	110	10	5	100	0	1.2
maze110_10_6.mz	110	10	6	100	0	10.33
maze110_10_7.mz	110	10	7	66	34	35.0
maze110_10_8.mz	110	10	8	100	0	2.99
maze110_10_9.mz	110	10	9	95	5	13.736842105263158
maze120_5_0.mz	120	5	0	50	50	43.78
maze120_5_1.mz	120	5	1	96	4	10.708333333333334
maze120_5_2.mz	120	5	2	27	73	52.074074074074076
maze120_5_3.mz	120	5	3	85	15	21.894117647058824
maze120_5_4.mz	120	5	4	100	0	0.34
maze120_5_5.mz	120	5	5	51	49	45.490196078431374
maze120_5_6.mz	120	5	6	100	0	3.36
maze120_5_7.mz	120	5	7	90	10	28.61111111111111
maze120_5_8.mz	120	5	8	100	0	3.23
maze120_5_9.mz	120	5	9	96	4	13.614583333333334
maze120_10_0.mz	120	10	0	100	0	0.43
maze120_10_1.mz	120	10	1	100	0	2.23
maze120_10_2.mz	120	10	2	100	0	2.56
maze120_10_3.mz	120	10	3	100	0	2.69
maze120_10_4.mz	120	10	4	100	0	6.0
maze120_10_5.mz	120	10	5	100	0	1.5
maze120_10_6.mz	120	10	6	98	2	8.23469387755102
maze120_10_7.mz	120	10	7	100	0	1.01
maze120_10_8.mz	120	10	8	97	3	15.257731958762887
maze120_10_9.mz	120	10	9	100	0	0.65
maze120_15_0.mz	120	15	0	100	0	1.11
maze120_15_1.mz	120	15	1	91	9	21.67032967032967
maze120_15_2.mz	120	15	2	98	2	11.224489795918368
maze120_15_3.mz	120	15	3	100	0	0.29
maze120_15_4.mz	120	15	4	100	0	0.8
maze120_15_5.mz	120	15	5	98	2	8.061224489795919
maze120_15_6.mz	120	15	6	100	0	3.03
maze120_15_7.mz	120	15	7	100	0	6.2
maze120_15_8.mz	120	15	8	95	5	18.789473684210527
maze120_15_9.mz	120	15	9	95	5	20.68421052631579
maze120_20_0.mz	120	20	0	98	2	9.591836734693878
maze120_20_1.mz	120	20	1	100	0	3.21
maze120_20_2.mz	120	20	2	100	0	1.38
maze120_20_3.mz	120	20	3	100	0	1.87
maze120_20_4.mz	120	20	4	87	13	25.344827586206897
maze120_20_5.mz	120	20	5	100	0	9.39
maze120_20_6.mz	120	20	6	99	1	17.161616161616163
maze120_20_7.mz	120	20	7	46	54	47.0
maze120_20_8.mz	120	20	8	100	0	0.96
maze120_20_9.mz	120	20	9	95	5	16.03157894736842
maze130_5_0.mz	130	5	0	100	0	0.7
maze130_5_1.mz	130	5	1	100	0	0.12
maze130_5_2.mz	130	5	2	94	6	15.47872340425532
maze130_5_3.mz	130	5	3	100	0	1.92
maze130_5_4.mz	130	5	4	94	6	18.28723404255319
maze130_5_5.mz	130	5	5	100	0	0.12
maze130_5_6.mz	130	5	6	98	2	7.295918367346939
maze130_5_7.mz	130	5	7	100	0	1.16
maze130_5_8.mz	130	5	8	33	67	47.24242424242424
maze130_5_9.mz	130	5	9	29	71	40.03448275862069
maze130_10_0.mz	130	10	0	99	1	6.6767676767676765
maze130_10_1.mz	130	10	1	99	1	12.666666666666666
maze130_10_2.mz	130	10	2	100	0	1.15
maze130_10_3.mz	130	10	3	100	0	2.58
maze130_10_4.mz	130	10	4	100	0	1.08
maze130_10_5.mz	130	10	5	98	2	2.9285714285714284
maze130_10_6.mz	130	10	6	100	0	5.25
maze130_10_7.mz	130	10	7	100	0	3.58
maze130_10_8.mz	130	10	8	99	1	7.03030303030303
maze130_10_9.mz	130	10	9	100	0	4.0
maze140_5_0.mz	140	5	0	97	3	12.958762886597938
maze140_5_1.mz	140	5	1	96	4	20.854166666666668
maze140_5_2.mz	140	5	2	86	14	23.41860465116279
maze140_5_3.mz	140	5	3	43	57	46.116279069767444
maze140_5_4.mz	140	5	4	87	13	27.413793103448278
maze140_5_5.mz	140	5	5	91	9	22.307692307692307
maze140_5_6.mz	140	5	6	63	37	38.857142857142854
maze140_5_7.mz	140	5	7	100	0	5.54
maze140_5_8.mz	140	5	8	90	10	22.333333333333332
maze140_5_9.mz	140	5	9	99	1	6.08080808080808
maze140_10_0.mz	140	10	0	37	63	38.4054054054054
maze140_10_1.mz	140	10	1	100	0	0.33
maze140_10_2.mz	140	10	2	100	0	0.94
maze140_10_3.mz	140	10	3	45	55	34.93333333333333
maze140_10_4.mz	140	10	4	92	8	20.054347826086957
maze140_10_5.mz	140	10	5	100	0	1.54
maze140_10_6.mz	140	10	6	71	29	37.61971830985915
maze140_10_7.mz	140	10	7	100	0	2.67
maze140_10_8.mz	140	10	8	100	0	1.48
maze140_10_9.mz	140	10	9	100	0	13.6
maze140_20_0.mz	140	20	0	98	2	10.204081632653061
maze140_20_1.mz	140	20	1	34	66	26.470588235294116
maze140_20_2.mz	140	20	2	97	3	16.989690721649485
maze140_20_3.mz	140	20	3	91	9	22.681318681318682
maze140_20_4.mz	140	20	4	98	2	10.387755102040817
maze140_20_5.mz	140	20	5	100	0	4.84
maze140_20_6.mz	140	20	6	100	0	2.88
maze140_20_7.mz	140	20	7	97	3	20.45360824742268
maze140_20_8.mz	140	20	8	74	26	28.594594594594593
maze140_20_9.mz	140	20	9	98	2	10.33673469387755
maze150_5_0.mz	150	5	0	96	4	19.604166666666668
maze150_5_1.mz	150	5	1	94	6	16.78723404255319
maze150_5_2.mz	150	5	2	66	34	28.363636363636363
maze150_5_3.mz	150	5	3	91	9	22.560439560439562
maze150_5_4.mz	150	5	4	23	77	43.91304347826087
maze150_5_5.mz	150	5	5	98	2	9.846938775510203
maze150_5_6.mz	150	5	6	46	54	39.23913043478261
maze150_5_7.mz	150	5	7	73	27	25.246575342465754
maze150_5_8.mz	150	5	8	92	8	15.032608695652174
maze150_5_9.mz	150	5	9	76	24	28.80263157894737
maze150_10_0.mz	150	10	0	89	11	33.01123595505618
maze150_10_1.mz	150	10	1	51	49	40.35294117647059
maze150_10_2.mz	150	10	2	92	8	18.043478260869566
maze150_10_3.mz	150	10	3	100	0	2.78
maze150_10_4.mz	150	10	4	100	0	5.71
maze150_10_5.mz	150	10	5	100	0	1.45
maze150_10_6.mz	150	10	6	100	0	6.8
maze150_10_7.mz	150	10	7	95	5	14.968421052631578
maze150_10_8.mz	150	10	8	97	3	12.371134020618557
maze150_10_9.mz	150	10	9	95	5	13.178947368421053
maze150_15_0.mz	150	15	0	79	21	24.620253164556964
maze150_15_1.mz	150	15	1	99	1	10.252525252525253
maze150_15_2.mz	150	15	2	97	3	15.896907216494846
maze150_15_3.mz	150	15	3	99	1	9.545454545454545
maze150_15_4.mz	150	15	4	100	0	7.27
maze150_15_5.mz	150	15	5	100	0	4.87
maze150_15_6.mz	150	15	6	99	1	6.303030303030303
maze150_15_7.mz	150	15	7	100	0	1.38
maze150_15_8.mz	150	15	8	59	41	29.8135593220339
maze150_15_9.mz	150	15	9	100	0	3.25
maze160_5_0.mz	160	5	0	73	27	30.027397260273972
maze160_5_1.mz	160	5	1	99	1	10.141414141414142
maze160_5_2.mz	160	5	2	28	72	47.857142857142854
maze160_5_3.mz	160	5	3	31	69	40.516129032258064
maze160_5_4.mz	160	5	4	45	55	39.53333333333333
maze160_5_5.mz	160	5	5	88	12	24.193181818181817
maze160_5_6.mz	160	5	6	38	62	43.421052631578945
maze160_5_7.mz	160	5	7	94	6	16.93617021276596
maze160_5_8.mz	160	5	8	93	7	17.688172043010752
maze160_5_9.mz	160	5	9	100	0	11.95
maze160_10_0.mz	160	10	0	92	8	20.16304347826087
maze160_10_1.mz	160	10	1	100	0	9.38
maze160_10_2.mz	160	10	2	100	0	2.69
maze160_10_3.mz	160	10	3	98	2	11.581632653061224
maze160_10_4.mz	160	10	4	81	19	30.691358024691358
maze160_10_5.mz	160	10	5	47	53	38.91489361702128
maze160_10_6.mz	160	10	6	90	10	29.11111111111111
maze160_10_7.mz	160	10	7	100	0	1.66
maze160_10_8.mz	160	10	8	71	29	30.12676056338028
maze160_10_9.mz	160	10	9	97	3	17.61855670103093
maze160_20_0.mz	160	20	0	51	49	36.745098039215684
maze160_20_1.mz	160	20	1	99	1	11.232323232323232
maze160_20_2.mz	160	20	2	21	79	42.904761904761905
maze160_20_3.mz	160	20	3	90	10	26.57777777777778
maze160_20_4.mz	160	20	4	100	0	0.65
maze160_20_5.mz	160	20	5	100	0	8.01
maze160_20_6.mz	160	20	6	82	18	26.121951219512194
maze160_20_7.mz	160	20	7	9	91	42.44444444444444
maze160_20_8.mz	160	20	8	14	86	37.07142857142857
maze160_20_9.mz	160	20	9	100	0	4.58
maze170_5_0.mz	170	5	0	95	5	16.273684210526316
maze170_5_1.mz	170	5	1	54	46	36.666666666666664
maze170_5_2.mz	170	5	2	67	33	29.119402985074625
maze170_5_3.mz	170	5	3	97	3	10.927835051546392
maze170_5_4.mz	170	5	4	7	93	44.714285714285715
maze170_5_5.mz	170	5	5	100	0	2.91
maze170_5_6.mz	170	5	6	83	17	26.93975903614458
maze170_5_7.mz	170	5	7	71	29	34.28169014084507
maze170_5_8.mz	170	5	8	99	1	5.636363636363637
maze170_5_9.mz	170	5	9	40	60	43.45
maze170_10_0.mz	170	10	0	100	0	5.28
maze170_10_1.mz	170	10	1	95	5	16.86315789473684
maze170_10_2.mz	170	10	2	44	56	47.18181818181818
maze170_10_3.mz	170	10	3	23	77	36.65217391304348
maze170_10_4.mz	170	10	4	100	0	6.49
maze170_10_5.mz	170	10	5	22	78	34.77272727272727
maze170_10_6.mz	170	10	6	100	0	5.3
maze170_10_7.mz	170	10	7	90	10	28.61111111111111
maze170_10_8.mz	170	10	8	80	20	30.825
maze170_10_9.mz	170	10	9	100	0	1.01
maze180_5_0.mz	180	5	0	93	7	18.602150537634408
maze180_5_1.mz	180	5	1	3	97	51.333333333333336
maze180_5_2.mz	180	5	2	41	59	39.951219512195124
maze180_5_3.mz	180	5	3	28	72	42.464285714285715
maze180_5_4.mz	180	5	4	100	0	4.86
maze180_5_5.mz	180	5	5	7	93	58.57142857142857
maze180_5_6.mz	180	5	6	47	53	44.212765957446805
maze180_5_7.mz	180	5	7	51	49	42.09803921568628
maze180_5_8.mz	180	5	8	33	67	41.15151515151515
maze180_5_9.mz	180	5	9	68	32	36.455882352941174
maze180_10_0.mz	180	10	0	40	60	34.875
maze180_10_1.mz	180	10	1	95	5	17.221052631578946
maze180_10_2.mz	180	10	2	36	64	40.22222222222222
maze180_10_3.mz	180	10	3	100	0	5.47
maze180_10_4.mz	180	10	4	81	19	30.80246913580247
maze180_10_5.mz	180	10	5	99	1	9.414141414141413
maze180_10_6.mz	180	10	6	100	0	2.5
maze180_10_7.mz	180	10	7	84	16	19.75
maze180_10_8.mz	180	10	8	96	4	19.947916666666668
maze180_10_9.mz	180	10	9	61	39	39.39344262295082
maze180_15_0.mz	180	15	0	0	100	NaN
maze180_15_1.mz	180	15	1	92	8	20.391304347826086
maze180_15_2.mz	180	15	2	26	74	37.92307692307692
maze180_15_3.mz	180	15	3	100	0	0.42
maze180_15_4.mz	180	15	4	47	53	38.680851063829785
maze180_15_5.mz	180	15	5	98	2	13.010204081632653
maze180_15_6.mz	180	15	6	63	37	36.476190476190474
maze180_15_7.mz	180	15	7	98	2	11.010204081632653
maze180_15_8.mz	180	15	8	100	0	0.54
maze180_15_9.mz	180	15	9	100	0	9.35
maze180_20_0.mz	180	20	0	56	44	28.053571428571427
maze180_20_1.mz	180	20	1	56	44	38.92857142857143
maze180_20_2.mz	180	20	2	3	97	55.0
maze180_20_3.mz	180	20	3	24	76	48.333333333333336
maze180_20_4.mz	180	20	4	85	15	25.023529411764706
maze180_20_5.mz	180	20	5	99	1	13.808080808080808
maze180_20_6.mz	180	20	6	99	1	6.707070707070707
maze180_20_7.mz	180	20	7	27	73	54.629629629629626
maze180_20_8.mz	180	20	8	2	98	19.0
maze180_20_9.mz	180	20	9	50	50	37.74
maze190_5_0.mz	190	5	0	14	86	46.714285714285715
maze190_5_1.mz	190	5	1	97	3	13.494845360824742
maze190_5_2.mz	190	5	2	21	79	46.714285714285715
maze190_5_3.mz	190	5	3	94	6	15.02127659574468
maze190_5_4.mz	190	5	4	52	48	42.23076923076923
maze190_5_5.mz	190	5	5	59	41	34.05084745762712
maze190_5_6.mz	190	5	6	44	56	35.93181818181818
maze190_5_7.mz	190	5	7	75	25	39.70666666666666
maze190_5_8.mz	190	5	8	97	3	13.463917525773196
maze190_5_9.mz	190	5	9	93	7	21.591397849462364
maze190_10_0.mz	190	10	0	100	0	3.93
maze190_10_1.mz	190	10	1	97	3	13.412371134020619
maze190_10_2.mz	190	10	2	89	11	19.84269662921348
maze190_10_3.mz	190	10	3	100	0	13.28
maze190_10_4.mz	190	10	4	27	73	43.55555555555556
maze190_10_5.mz	190	10	5	97	3	13.855670103092784
maze190_10_6.mz	190	10	6	52	48	39.40384615384615
maze190_10_7.mz	190	10	7	100	0	1.07
maze190_10_8.mz	190	10	8	3	97	39.666666666666664
maze190_10_9.mz	190	10	9	25	75	35.48
maze200_5_0.mz	200	5	0	0	100	NaN
maze200_5_1.mz	200	5	1	15	85	43.8
maze200_5_2.mz	200	5	2	31	69	51.67741935483871
maze200_5_3.mz	200	5	3	99	1	10.575757575757576
maze200_5_4.mz	200	5	4	59	41	40.6271186440678
maze200_5_5.mz	200	5	5	2	98	53.0
maze200_5_6.mz	200	5	6	44	56	32.36363636363637
maze200_5_7.mz	200	5	7	1	99	5.0
maze200_5_8.mz	200	5	8	43	57	36.58139534883721
maze200_5_9.mz	200	5	9	1	99	44.0
maze200_10_0.mz	200	10	0	78	22	30.576923076923077
maze200_10_1.mz	200	10	1	100	0	3.81
maze200_10_2.mz	200	10	2	45	55	44.044444444444444
maze200_10_3.mz	200	10	3	100	0	8.17
maze200_10_4.mz	200	10	4	98	2	8.673469387755102
maze200_10_5.mz	200	10	5	0	100	NaN
maze200_10_6.mz	200	10	6	100	0	4.79
maze200_10_7.mz	200	10	7	25	75	44.84
maze200_10_8.mz	200	10	8	100	0	12.13
maze200_10_9.mz	200	10	9	100	0	11.04
maze200_20_0.mz	200	20	0	34	66	46.588235294117645
maze200_20_1.mz	200	20	1	100	0	8.34
maze200_20_2.mz	200	20	2	97	3	9.061855670103093
maze200_20_3.mz	200	20	3	72	28	29.541666666666668
maze200_20_4.mz	200	20	4	90	10	19.2
maze200_20_5.mz	200	20	5	70	30	31.9
maze200_20_6.mz	200	20	6	100	0	1.17
maze200_20_7.mz	200	20	7	100	0	6.06
maze200_20_8.mz	200	20	8	33	67	43.90909090909091
maze200_20_9.mz	200	20	9	94	6	16.095744680851062
maze210_5_0.mz	210	5	0	52	48	37.63461538461539
maze210_5_1.mz	210	5	1	84	16	25.61904761904762
maze210_5_2.mz	210	5	2	64	36	42.25
maze210_5_3.mz	210	5	3	15	85	52.8
maze210_5_4.mz	210	5	4	20	80	54.55
maze210_5_5.mz	210	5	5	52	48	40.46153846153846
maze210_5_6.mz	210	5	6	6	94	28.0
maze210_5_7.mz	210	5	7	23	77	48.56521739130435
maze210_5_8.mz	210	5	8	79	21	22.367088607594937
maze210_5_9.mz	210	5	9	30	70	44.233333333333334
maze210_10_0.mz	210	10	0	87	13	23.367816091954023
maze210_10_1.mz	210	10	1	97	3	14.22680412371134
maze210_10_2.mz	210	10	2	43	57	44.83720930232558
maze210_10_3.mz	210	10	3	96	4	6.083333333333333
maze210_10_4.mz	210	10	4	31	69	56.806451612903224
maze210_10_5.mz	210	10	5	3	97	60.0
maze210_10_6.mz	210	10	6	71	29	36.971830985915496
maze210_10_7.mz	210	10	7	89	11	20.741573033707866
maze210_10_8.mz	210	10	8	82	18	19.963414634146343
maze210_10_9.mz	210	10	9	81	19	24.19753086419753
maze210_15_0.mz	210	15	0	29	71	42.96551724137931
maze210_15_1.mz	210	15	1	64	36	25.984375
maze210_15_2.mz	210	15	2	84	16	26.226190476190474
maze210_15_3.mz	210	15	3	86	14	19.453488372093023
maze210_15_4.mz	210	15	4	69	31	35.028985507246375
maze210_15_5.mz	210	15	5	89	11	23.415730337078653
maze210_15_6.mz	210	15	6	100	0	2.26
maze210_15_7.mz	210	15	7	100	0	2.08
maze210_15_8.mz	210	15	8	67	33	34.3134328358209
maze210_15_9.mz	210	15	9	97	3	13.061855670103093
maze220_5_0.mz	220	5	0	14	86	40.07142857142857
maze220_5_1.mz	220	5	1	66	34	32.07575757575758
maze220_5_2.mz	220	5	2	4	96	56.75
maze220_5_3.mz	220	5	3	38	62	51.10526315789474
maze220_5_4.mz	220	5	4	11	89	60.81818181818182
maze220_5_5.mz	220	5	5	15	85	43.666666666666664
maze220_5_6.mz	220	5	6	0	100	NaN
maze220_5_7.mz	220	5	7	43	57	41.46511627906977
maze220_5_8.mz	220	5	8	9	91	22.333333333333332
maze220_5_9.mz	220	5	9	19	81	33.10526315789474
maze220_10_0.mz	220	10	0	54	46	32.0
maze220_10_1.mz	220	10	1	83	17	30.734939759036145
maze220_10_2.mz	220	10	2	75	25	24.893333333333334
maze220_10_3.mz	220	10	3	57	43	32.87719298245614
maze220_10_4.mz	220	10	4	96	4	12.09375
maze220_10_5.mz	220	10	5	99	1	9.616161616161616
maze220_10_6.mz	220	10	6	46	54	38.80434782608695
maze220_10_7.mz	220	10	7	99	1	6.111111111111111
maze220_10_8.mz	220	10	8	26	74	34.23076923076923
maze220_10_9.mz	220	10	9	10	90	23.3
maze220_20_0.mz	220	20	0	51	49	39.254901960784316
maze220_20_1.mz	220	20	1	100	0	0.0
maze220_20_2.mz	220	20	2	97	3	21.628865979381445
maze220_20_3.mz	220	20	3	98	2	13.989795918367347
maze220_20_4.mz	220	20	4	94	6	12.457446808510639
maze220_20_5.mz	220	20	5	100	0	1.28
maze220_20_6.mz	220	20	6	100	0	3.24
maze220_20_7.mz	220	20	7	99	1	10.171717171717171
maze220_20_8.mz	220	20	8	100	0	3.54
maze220_20_9.mz	220	20	9	48	52	38.208333333333336
maze230_5_0.mz	230	5	0	1	99	80.0
maze230_5_1.mz	230	5	1	12	88	39.583333333333336
maze230_5_2.mz	230	5	2	65	35	29.123076923076923
maze230_5_3.mz	230	5	3	2	98	29.5
maze230_5_4.mz	230	5	4	59	41	37.440677966101696
maze230_5_5.mz	230	5	5	24	76	44.458333333333336
maze230_5_6.mz	230	5	6	24	76	42.166666666666664
maze230_5_7.mz	230	5	7	1	99	96.0
maze230_5_8.mz	230	5	8	0	100	NaN
maze230_5_9.mz	230	5	9	3	97	87.66666666666667
maze230_10_0.mz	230	10	0	68	32	29.985294117647058
maze230_10_1.mz	230	10	1	48	52	36.020833333333336
maze230_10_2.mz	230	10	2	14	86	44.0
maze230_10_3.mz	230	10	3	92	8	17.032608695652176
maze230_10_4.mz	230	10	4	88	12	21.59090909090909
maze230_10_5.mz	230	10	5	51	49	40.15686274509804
maze230_10_6.mz	230	10	6	98	2	8.081632653061224
maze230_10_7.mz	230	10	7	100	0	3.25
maze230_10_8.mz	230	10	8	100	0	8.79
maze230_10_9.mz	230	10	9	18	82	41.166666666666664
maze240_5_0.mz	240	5	0	1	99	3.0
maze240_5_1.mz	240	5	1	53	47	34.0377358490566
maze240_5_2.mz	240	5	2	77	23	25.246753246753247
maze240_5_3.mz	240	5	3	6	94	55.5
maze240_5_4.mz	240	5	4	10	90	42.8
maze240_5_5.mz	240	5	5	78	22	24.076923076923077
maze240_5_6.mz	240	5	6	44	56	32.95454545454545
maze240_5_7.mz	240	5	7	81	19	21.22222222222222
maze240_5_8.mz	240	5	8	71	29	35.38028169014085
maze240_5_9.mz	240	5	9	2	98	56.5
maze240_10_0.mz	240	10	0	0	100	NaN
maze240_10_1.mz	240	10	1	47	53	36.57446808510638
maze240_10_2.mz	240	10	2	39	61	43.46153846153846
maze240_10_3.mz	240	10	3	97	3	17.8659793814433
maze240_10_4.mz	240	10	4	97	3	9.31958762886598
maze240_10_5.mz	240	10	5	15	85	45.0
maze240_10_6.mz	240	10	6	64	36	35.53125
maze240_10_7.mz	240	10	7	30	70	48.4
maze240_10_8.mz	240	10	8	100	0	2.38
maze240_10_9.mz	240	10	9	77	23	28.935064935064936
maze240_15_0.mz	240	15	0	100	0	8.68
maze240_15_1.mz	240	15	1	94	6	17.06382978723404
maze240_15_2.mz	240	15	2	77	23	21.883116883116884
maze240_15_3.mz	240	15	3	100	0	2.32
maze240_15_4.mz	240	15	4	5	95	64.8
maze240_15_5.mz	240	15	5	100	0	2.15
maze240_15_6.mz	240	15	6	100	0	8.5
maze240_15_7.mz	240	15	7	8	92	52.625
maze240_15_8.mz	240	15	8	80	20	22.8375
maze240_15_9.mz	240	15	9	94	6	18.27659574468085
maze240_20_0.mz	240	20	0	100	0	1.58
maze240_20_1.mz	240	20	1	100	0	1.26
maze240_20_2.mz	240	20	2	97	3	15.309278350515465
maze240_20_3.mz	240	20	3	22	78	49.90909090909091
maze240_20_4.mz	240	20	4	25	75	30.32
maze240_20_5.mz	240	20	5	93	7	18.096774193548388
maze240_20_6.mz	240	20	6	86	14	29.767441860465116
maze240_20_7.mz	240	20	7	51	49	33.94117647058823
maze240_20_8.mz	240	20	8	14	86	46.642857142857146
maze240_20_9.mz	240	20	9	26	74	41.88461538461539
maze250_5_0.mz	250	5	0	3	97	44.666666666666664
maze250_5_1.mz	250	5	1	5	95	46.4
maze250_5_2.mz	250	5	2	46	54	42.06521739130435
maze250_5_3.mz	250	5	3	41	59	45.5609756097561
maze250_5_4.mz	250	5	4	21	79	47.0
maze250_5_5.mz	250	5	5	13	87	49.69230769230769
maze250_5_6.mz	250	5	6	68	32	29.25
maze250_5_7.mz	250	5	7	5	95	52.2
maze250_5_8.mz	250	5	8	86	14	21.872093023255815
maze250_5_9.mz	250	5	9	29	71	47.275862068965516
maze250_10_0.mz	250	10	0	0	100	NaN
maze250_10_1.mz	250	10	1	99	1	12.141414141414142
maze250_10_2.mz	250	10	2	4	96	38.25
maze250_10_3.mz	250	10	3	40	60	37.025
maze250_10_4.mz	250	10	4	52	48	38.88461538461539
maze250_10_5.mz	250	10	5	95	5	17.989473684210527
maze250_10_6.mz	250	10	6	100	0	6.45
maze250_10_7.mz	250	10	7	7	93	74.71428571428571
maze250_10_8.mz	250	10	8	3	97	28.333333333333332
maze250_10_9.mz	250	10	9	71	29	35.605633802816904
maze260_5_0.mz	260	5	0	50	50	34.16
maze260_5_1.mz	260	5	1	1	99	77.0
maze260_5_2.mz	260	5	2	0	100	NaN
maze260_5_3.mz	260	5	3	34	66	42.61764705882353
maze260_5_4.mz	260	5	4	15	85	54.86666666666667
maze260_5_5.mz	260	5	5	52	48	32.88461538461539
maze260_5_6.mz	260	5	6	17	83	52.588235294117645
maze260_5_7.mz	260	5	7	37	63	30.72972972972973
maze260_5_8.mz	260	5	8	95	5	22.66315789473684
maze260_5_9.mz	260	5	9	3	97	74.33333333333333
maze260_10_0.mz	260	10	0	0	100	NaN
maze260_10_1.mz	260	10	1	0	100	NaN
maze260_10_2.mz	260	10	2	32	68	50.21875
maze260_10_3.mz	260	10	3	19	81	37.31578947368421
maze260_10_4.mz	260	10	4	3	97	63.0
maze260_10_5.mz	260	10	5	76	24	34.8421052631579
maze260_10_6.mz	260	10	6	74	26	26.256756756756758
maze260_10_7.mz	260	10	7	38	62	37.473684210526315
maze260_10_8.mz	260	10	8	0	100	NaN
maze260_10_9.mz	260	10	9	0	100	NaN
maze260_20_0.mz	260	20	0	15	85	50.93333333333333
maze260_20_1.mz	260	20	1	37	63	37.32432432432432
maze260_20_2.mz	260	20	2	31	69	42.87096774193548
maze260_20_3.mz	260	20	3	3	97	42.0
maze260_20_4.mz	260	20	4	95	5	22.74736842105263
maze260_20_5.mz	260	20	5	5	95	73.4
maze260_20_6.mz	260	20	6	36	64	38.22222222222222
maze260_20_7.mz	260	20	7	39	61	40.1025641025641
maze260_20_8.mz	260	20	8	39	61	40.1025641025641
maze260_20_9.mz	260	20	9	39	61	40.1025641025641
maze270_5_0.mz	270	5	0	0	100	NaN
maze270_5_1.mz	270	5	1	3	97	49.666666666666664
maze270_5_2.mz	270	5	2	13	87	55.92307692307692
maze270_5_3.mz	270	5	3	2	98	25.5
maze270_5_4.mz	270	5	4	96	4	9.958333333333334
maze270_5_5.mz	270	5	5	0	100	NaN
maze270_5_6.mz	270	5	6	50	50	33.86
maze270_5_7.mz	270	5	7	16	84	46.9375
maze270_5_8.mz	270	5	8	7	93	47.285714285714285
maze270_5_9.mz	270	5	9	1	99	95.0
maze270_10_0.mz	270	10	0	15	85	39.0
maze270_10_1.mz	270	10	1	99	1	8.06060606060606
maze270_10_2.mz	270	10	2	51	49	37.90196078431372
maze270_10_3.mz	270	10	3	15	85	44.333333333333336
maze270_10_4.mz	270	10	4	12	88	41.166666666666664
maze270_10_5.mz	270	10	5	7	93	40.857142857142854
maze270_10_6.mz	270	10	6	40	60	44.95
maze270_10_7.mz	270	10	7	63	37	35.06349206349206
maze270_10_8.mz	270	10	8	69	31	30.028985507246375
maze270_10_9.mz	270	10	9	18	82	51.888888888888886
maze270_15_0.mz	270	15	0	90	10	15.6
maze270_15_1.mz	270	15	1	89	11	18.48314606741573
maze270_15_2.mz	270	15	2	100	0	5.88
maze270_15_3.mz	270	15	3	1	99	94.0
maze270_15_4.mz	270	15	4	92	8	21.67391304347826
maze270_15_5.mz	270	15	5	7	93	36.285714285714285
maze270_15_6.mz	270	15	6	20	80	40.35
maze270_15_7.mz	270	15	7	8	92	50.5
maze270_15_8.mz	270	15	8	100	0	4.48
maze270_15_9.mz	270	15	9	29	71	39.241379310344826
maze280_5_0.mz	280	5	0	0	100	NaN
maze280_5_1.mz	280	5	1	2	98	18.5
maze280_5_2.mz	280	5	2	20	80	34.2
maze280_5_3.mz	280	5	3	1	99	20.0
maze280_5_4.mz	280	5	4	0	100	NaN
maze280_5_5.mz	280	5	5	0	100	NaN
maze280_5_6.mz	280	5	6	9	91	33.333333333333336
maze280_5_7.mz	280	5	7	31	69	46.83870967741935
maze280_5_8.mz	280	5	8	2	98	69.0
maze280_5_9.mz	280	5	9	12	88	51.166666666666664
maze280_10_0.mz	280	10	0	69	31	35.82608695652174
maze280_10_1.mz	280	10	1	100	0	3.29
maze280_10_2.mz	280	10	2	4	96	42.25
maze280_10_3.mz	280	10	3	37	63	47.62162162162162
maze280_10_4.mz	280	10	4	13	87	64.07692307692308
maze280_10_5.mz	280	10	5	58	42	31.189655172413794
maze280_10_6.mz	280	10	6	93	7	20.344086021505376
maze280_10_7.mz	280	10	7	7	93	38.142857142857146
maze280_10_8.mz	280	10	8	1	99	81.0
maze280_10_9.mz	280	10	9	13	87	56.69230769230769
maze280_20_0.mz	280	20	0	8	92	64.125
maze280_20_1.mz	280	20	1	78	22	25.26923076923077
maze280_20_2.mz	280	20	2	100	0	2.73
maze280_20_3.mz	280	20	3	21	79	49.095238095238095
maze280_20_4.mz	280	20	4	0	100	NaN
maze280_20_5.mz	280	20	5	100	0	7.42
maze280_20_6.mz	280	20	6	20	80	38.0
maze280_20_7.mz	280	20	7	7	93	38.42857142857143
maze280_20_8.mz	280	20	8	9	91	34.22222222222222
maze280_20_9.mz	280	20	9	100	0	1.41
maze290_5_0.mz	290	5	0	0	100	NaN
maze290_5_1.mz	290	5	1	7	93	32.285714285714285
maze290_5_2.mz	290	5	2	0	100	NaN
maze290_5_3.mz	290	5	3	10	90	59.5
maze290_5_4.mz	290	5	4	4	96	55.25
maze290_5_5.mz	290	5	5	1	99	92.0
maze290_5_6.mz	290	5	6	1	99	5.0
maze290_5_7.mz	290	5	7	99	1	7.08080808080808
maze290_5_8.mz	290	5	8	1	99	47.0
maze290_5_9.mz	290	5	9	10	90	50.9
maze290_10_0.mz	290	10	0	25	75	41.64
maze290_10_1.mz	290	10	1	37	63	42.32432432432432
maze290_10_2.mz	290	10	2	61	39	45.24590163934426
maze290_10_3.mz	290	10	3	60	40	34.166666666666664
maze290_10_4.mz	290	10	4	92	8	15.891304347826088
maze290_10_5.mz	290	10	5	65	35	34.89230769230769
maze290_10_6.mz	290	10	6	3	97	19.666666666666668
maze290_10_7.mz	290	10	7	88	12	30.545454545454547
maze290_10_8.mz	290	10	8	59	41	37.74576271186441
maze290_10_9.mz	290	10	9	58	42	39.05172413793103
maze300_5_0.mz	300	5	0	0	100	NaN
maze300_5_1.mz	300	5	1	7	93	51.285714285714285
maze300_5_2.mz	300	5	2	1	99	81.0
maze300_5_3.mz	300	5	3	2	98	65.5
maze300_5_4.mz	300	5	4	0	100	NaN
maze300_5_5.mz	300	5	5	0	100	NaN
maze300_5_6.mz	300	5	6	0	100	NaN
maze300_5_7.mz	300	5	7	0	100	NaN
maze300_5_8.mz	300	5	8	1	99	91.0
maze300_5_9.mz	300	5	9	82	18	20.963414634146343
maze300_10_0.mz	300	10	0	93	7	18.892473118279568
maze300_10_1.mz	300	10	1	79	21	22.27848101265823
maze300_10_2.mz	300	10	2	61	39	35.032786885245905
maze300_10_3.mz	300	10	3	100	0	1.82
maze300_10_4.mz	300	10	4	8	92	32.0
maze300_10_5.mz	300	10	5	37	63	41.729729729729726
maze300_10_6.mz	300	10	6	44	56	35.20454545454545
maze300_10_7.mz	300	10	7	21	79	38.95238095238095
maze300_10_8.mz	300	10	8	100	0	5.0
maze300_10_9.mz	300	10	9	6	94	39.5
maze300_15_0.mz	300	15	0	37	63	44.567567567567565
maze300_15_1.mz	300	15	1	74	26	21.324324324324323
maze300_15_2.mz	300	15	2	98	2	8.183673469387756
maze300_15_3.mz	300	15	3	15	85	40.46666666666667
maze300_15_4.mz	300	15	4	42	58	45.166666666666664
maze300_15_5.mz	300	15	5	17	83	48.11764705882353
maze300_15_6.mz	300	15	6	99	1	11.454545454545455
maze300_15_7.mz	300	15	7	48	52	44.208333333333336
maze300_15_8.mz	300	15	8	79	21	29.050632911392405
maze300_15_9.mz	300	15	9	6	94	29.166666666666668
maze300_20_0.mz	300	20	0	100	0	5.26
maze300_20_1.mz	300	20	1	55	45	32.10909090909091
maze300_20_2.mz	300	20	2	17	83	38.64705882352941
maze300_20_3.mz	300	20	3	91	9	18.78021978021978
maze300_20_4.mz	300	20	4	39	61	35.82051282051282
maze300_20_5.mz	300	20	5	48	52	43.625
maze300_20_6.mz	300	20	6	60	40	33.61666666666667
maze300_20_7.mz	300	20	7	100	0	6.22
maze300_20_8.mz	300	20	8	60	40	42.233333333333334
maze300_20_9.mz	300	20	9	64	36	28.34375

