Mode XML Parameters
ACO
maxNumIterations	50
pheromonesEvaporationRate	0.65
alpha	0.85
beta	0.85
numberOfAnts	15
GA
geneType	LSystem
maxNumIterations	35
eliteNumber	0
mutationRate	0.05
crossoverRate	0.6
EVA
acoImportance	0.5
agImportance	0.5
Maze	dimension	col	#	#ok	#no	avg ok
maze20_5_0.mz	20	5	0	100	0	0.28
maze20_5_1.mz	20	5	1	100	0	0.21
maze20_5_2.mz	20	5	2	100	0	0.01
maze20_5_3.mz	20	5	3	100	0	0.98
maze20_5_4.mz	20	5	4	100	0	0.17
maze20_5_5.mz	20	5	5	100	0	0.01
maze20_5_6.mz	20	5	6	99	1	2.2525252525252526
maze20_5_7.mz	20	5	7	100	0	0.0
maze20_5_8.mz	20	5	8	100	0	0.03
maze20_5_9.mz	20	5	9	100	0	0.6
maze20_10_0.mz	20	10	0	100	0	0.13
maze20_10_1.mz	20	10	1	100	0	0.03
maze20_10_2.mz	20	10	2	100	0	1.53
maze20_10_3.mz	20	10	3	100	0	0.0
maze20_10_4.mz	20	10	4	100	0	0.76
maze20_10_5.mz	20	10	5	100	0	2.9
maze20_10_6.mz	20	10	6	100	0	0.42
maze20_10_7.mz	20	10	7	100	0	0.02
maze20_10_8.mz	20	10	8	100	0	1.37
maze20_10_9.mz	20	10	9	100	0	0.03
maze30_5_0.mz	30	5	0	100	0	1.37
maze30_5_1.mz	30	5	1	99	1	4.94949494949495
maze30_5_2.mz	30	5	2	98	2	3.561224489795918
maze30_5_3.mz	30	5	3	100	0	0.06
maze30_5_4.mz	30	5	4	100	0	0.23
maze30_5_5.mz	30	5	5	100	0	1.2
maze30_5_6.mz	30	5	6	100	0	0.99
maze30_5_7.mz	30	5	7	100	0	0.88
maze30_5_8.mz	30	5	8	99	1	1.5555555555555556
maze30_5_9.mz	30	5	9	100	0	1.24
maze30_10_0.mz	30	10	0	100	0	0.18
maze30_10_1.mz	30	10	1	100	0	0.04
maze30_10_2.mz	30	10	2	100	0	5.7
maze30_10_3.mz	30	10	3	100	0	0.42
maze30_10_4.mz	30	10	4	100	0	0.0
maze30_10_5.mz	30	10	5	100	0	0.08
maze30_10_6.mz	30	10	6	100	0	0.65
maze30_10_7.mz	30	10	7	100	0	2.81
maze30_10_8.mz	30	10	8	100	0	2.37
maze30_10_9.mz	30	10	9	100	0	0.48
maze30_15_0.mz	30	15	0	100	0	0.1
maze30_15_1.mz	30	15	1	100	0	0.13
maze30_15_2.mz	30	15	2	100	0	0.12
maze30_15_3.mz	30	15	3	100	0	2.28
maze30_15_4.mz	30	15	4	98	2	3.4081632653061225
maze30_15_5.mz	30	15	5	100	0	0.47
maze30_15_6.mz	30	15	6	100	0	2.33
maze30_15_7.mz	30	15	7	100	0	0.14
maze30_15_8.mz	30	15	8	99	1	3.6262626262626263
maze30_15_9.mz	30	15	9	100	0	1.38
maze40_5_0.mz	40	5	0	94	6	7.712765957446808
maze40_5_1.mz	40	5	1	97	3	5.360824742268041
maze40_5_2.mz	40	5	2	100	0	0.03
maze40_5_3.mz	40	5	3	100	0	0.04
maze40_5_4.mz	40	5	4	99	1	2.797979797979798
maze40_5_5.mz	40	5	5	100	0	1.69
maze40_5_6.mz	40	5	6	100	0	2.02
maze40_5_7.mz	40	5	7	95	5	2.136842105263158
maze40_5_8.mz	40	5	8	100	0	0.64
maze40_5_9.mz	40	5	9	100	0	0.27
maze40_10_0.mz	40	10	0	100	0	3.07
maze40_10_1.mz	40	10	1	100	0	1.71
maze40_10_2.mz	40	10	2	100	0	0.13
maze40_10_3.mz	40	10	3	100	0	0.85
maze40_10_4.mz	40	10	4	100	0	1.82
maze40_10_5.mz	40	10	5	100	0	0.6
maze40_10_6.mz	40	10	6	100	0	1.42
maze40_10_7.mz	40	10	7	100	0	1.74
maze40_10_8.mz	40	10	8	99	1	1.6868686868686869
maze40_10_9.mz	40	10	9	100	0	0.97
maze40_20_0.mz	40	20	0	99	1	3.5757575757575757
maze40_20_1.mz	40	20	1	98	2	2.1122448979591835
maze40_20_2.mz	40	20	2	99	1	3.919191919191919
maze40_20_3.mz	40	20	3	100	0	2.62
maze40_20_4.mz	40	20	4	86	14	8.30232558139535
maze40_20_5.mz	40	20	5	100	0	2.85
maze40_20_6.mz	40	20	6	100	0	0.66
maze40_20_7.mz	40	20	7	100	0	0.33
maze40_20_8.mz	40	20	8	100	0	0.34
maze40_20_9.mz	40	20	9	100	0	4.82
maze50_5_0.mz	50	5	0	100	0	5.33
maze50_5_1.mz	50	5	1	100	0	3.92
maze50_5_2.mz	50	5	2	92	8	7.086956521739131
maze50_5_3.mz	50	5	3	99	1	3.3838383838383836
maze50_5_4.mz	50	5	4	100	0	0.01
maze50_5_5.mz	50	5	5	100	0	4.04
maze50_5_6.mz	50	5	6	99	1	2.717171717171717
maze50_5_7.mz	50	5	7	100	0	3.82
maze50_5_8.mz	50	5	8	77	23	11.7012987012987
maze50_5_9.mz	50	5	9	99	1	2.1313131313131315
maze50_10_0.mz	50	10	0	94	6	7.329787234042553
maze50_10_1.mz	50	10	1	100	0	1.75
maze50_10_2.mz	50	10	2	100	0	2.21
maze50_10_3.mz	50	10	3	97	3	5.845360824742268
maze50_10_4.mz	50	10	4	100	0	0.74
maze50_10_5.mz	50	10	5	100	0	0.99
maze50_10_6.mz	50	10	6	100	0	0.23
maze50_10_7.mz	50	10	7	100	0	0.9
maze50_10_8.mz	50	10	8	94	6	9.574468085106384
maze50_10_9.mz	50	10	9	100	0	1.52
maze60_5_0.mz	60	5	0	97	3	3.9072164948453607
maze60_5_1.mz	60	5	1	96	4	5.895833333333333
maze60_5_2.mz	60	5	2	100	0	2.06
maze60_5_3.mz	60	5	3	88	12	8.693181818181818
maze60_5_4.mz	60	5	4	100	0	0.01
maze60_5_5.mz	60	5	5	94	6	6.680851063829787
maze60_5_6.mz	60	5	6	100	0	0.96
maze60_5_7.mz	60	5	7	97	3	5.701030927835052
maze60_5_8.mz	60	5	8	98	2	3.979591836734694
maze60_5_9.mz	60	5	9	100	0	1.08
maze60_10_0.mz	60	10	0	100	0	3.77
maze60_10_1.mz	60	10	1	98	2	5.530612244897959
maze60_10_2.mz	60	10	2	99	1	2.5656565656565657
maze60_10_3.mz	60	10	3	98	2	3.306122448979592
maze60_10_4.mz	60	10	4	100	0	0.74
maze60_10_5.mz	60	10	5	98	2	5.346938775510204
maze60_10_6.mz	60	10	6	94	6	7.372340425531915
maze60_10_7.mz	60	10	7	99	1	3.242424242424242
maze60_10_8.mz	60	10	8	94	6	7.75531914893617
maze60_10_9.mz	60	10	9	100	0	4.72
maze60_15_0.mz	60	15	0	99	1	3.01010101010101
maze60_15_1.mz	60	15	1	76	24	12.644736842105264
maze60_15_2.mz	60	15	2	100	0	1.69
maze60_15_3.mz	60	15	3	100	0	0.2
maze60_15_4.mz	60	15	4	100	0	1.04
maze60_15_5.mz	60	15	5	80	20	11.5625
maze60_15_6.mz	60	15	6	74	26	12.108108108108109
maze60_15_7.mz	60	15	7	100	0	0.35
maze60_15_8.mz	60	15	8	98	2	3.5306122448979593
maze60_15_9.mz	60	15	9	93	7	9.666666666666666
maze60_20_0.mz	60	20	0	100	0	0.68
maze60_20_1.mz	60	20	1	99	1	5.242424242424242
maze60_20_2.mz	60	20	2	80	20	10.5875
maze60_20_3.mz	60	20	3	100	0	1.73
maze60_20_4.mz	60	20	4	100	0	2.55
maze60_20_5.mz	60	20	5	99	1	4.606060606060606
maze60_20_6.mz	60	20	6	77	23	14.337662337662337
maze60_20_7.mz	60	20	7	98	2	4.683673469387755
maze60_20_8.mz	60	20	8	99	1	4.818181818181818
maze60_20_9.mz	60	20	9	96	4	6.46875
maze70_5_0.mz	70	5	0	97	3	4.216494845360825
maze70_5_1.mz	70	5	1	100	0	2.93
maze70_5_2.mz	70	5	2	100	0	1.2
maze70_5_3.mz	70	5	3	97	3	6.360824742268041
maze70_5_4.mz	70	5	4	99	1	2.676767676767677
maze70_5_5.mz	70	5	5	95	5	8.010526315789473
maze70_5_6.mz	70	5	6	100	0	0.27
maze70_5_7.mz	70	5	7	94	6	6.25531914893617
maze70_5_8.mz	70	5	8	96	4	7.177083333333333
maze70_5_9.mz	70	5	9	77	23	14.285714285714286
maze70_10_0.mz	70	10	0	93	7	7.32258064516129
maze70_10_1.mz	70	10	1	99	1	1.303030303030303
maze70_10_2.mz	70	10	2	99	1	6.040404040404041
maze70_10_3.mz	70	10	3	100	0	1.35
maze70_10_4.mz	70	10	4	89	11	10.191011235955056
maze70_10_5.mz	70	10	5	100	0	2.8
maze70_10_6.mz	70	10	6	100	0	0.06
maze70_10_7.mz	70	10	7	100	0	0.48
maze70_10_8.mz	70	10	8	100	0	1.38
maze70_10_9.mz	70	10	9	98	2	5.316326530612245
maze80_5_0.mz	80	5	0	87	13	7.896551724137931
maze80_5_1.mz	80	5	1	100	0	3.59
maze80_5_2.mz	80	5	2	89	11	6.292134831460674
maze80_5_3.mz	80	5	3	86	14	13.465116279069768
maze80_5_4.mz	80	5	4	100	0	0.24
maze80_5_5.mz	80	5	5	81	19	12.271604938271604
maze80_5_6.mz	80	5	6	81	19	11.308641975308642
maze80_5_7.mz	80	5	7	64	36	15.1875
maze80_5_8.mz	80	5	8	96	4	4.614583333333333
maze80_5_9.mz	80	5	9	85	15	15.352941176470589
maze80_10_0.mz	80	10	0	43	57	17.976744186046513
maze80_10_1.mz	80	10	1	96	4	6.28125
maze80_10_2.mz	80	10	2	99	1	1.4141414141414141
maze80_10_3.mz	80	10	3	97	3	4.0
maze80_10_4.mz	80	10	4	82	18	10.963414634146341
maze80_10_5.mz	80	10	5	100	0	2.37
maze80_10_6.mz	80	10	6	82	18	11.878048780487806
maze80_10_7.mz	80	10	7	100	0	0.58
maze80_10_8.mz	80	10	8	94	6	3.8085106382978724
maze80_10_9.mz	80	10	9	86	14	8.453488372093023
maze80_20_0.mz	80	20	0	100	0	1.62
maze80_20_1.mz	80	20	1	56	44	14.660714285714286
maze80_20_2.mz	80	20	2	100	0	2.0
maze80_20_3.mz	80	20	3	75	25	11.893333333333333
maze80_20_4.mz	80	20	4	98	2	2.642857142857143
maze80_20_5.mz	80	20	5	98	2	5.551020408163265
maze80_20_6.mz	80	20	6	98	2	5.5
maze80_20_7.mz	80	20	7	80	20	17.0375
maze80_20_8.mz	80	20	8	94	6	8.127659574468085
maze80_20_9.mz	80	20	9	35	65	19.485714285714284
maze90_5_0.mz	90	5	0	83	17	9.783132530120483
maze90_5_1.mz	90	5	1	16	84	17.5
maze90_5_2.mz	90	5	2	97	3	9.391752577319588
maze90_5_3.mz	90	5	3	86	14	12.906976744186046
maze90_5_4.mz	90	5	4	98	2	6.714285714285714
maze90_5_5.mz	90	5	5	96	4	11.1875
maze90_5_6.mz	90	5	6	98	2	1.8775510204081634
maze90_5_7.mz	90	5	7	87	13	8.862068965517242
maze90_5_8.mz	90	5	8	95	5	8.242105263157894
maze90_5_9.mz	90	5	9	30	70	16.9
maze90_10_0.mz	90	10	0	100	0	2.17
maze90_10_1.mz	90	10	1	100	0	0.65
maze90_10_2.mz	90	10	2	100	0	1.78
maze90_10_3.mz	90	10	3	98	2	3.5306122448979593
maze90_10_4.mz	90	10	4	99	1	4.01010101010101
maze90_10_5.mz	90	10	5	65	35	12.169230769230769
maze90_10_6.mz	90	10	6	100	0	1.12
maze90_10_7.mz	90	10	7	89	11	8.786516853932584
maze90_10_8.mz	90	10	8	95	5	5.389473684210526
maze90_10_9.mz	90	10	9	84	16	8.011904761904763
maze90_15_0.mz	90	15	0	100	0	1.81
maze90_15_1.mz	90	15	1	99	1	3.0303030303030303
maze90_15_2.mz	90	15	2	100	0	1.63
maze90_15_3.mz	90	15	3	82	18	9.073170731707316
maze90_15_4.mz	90	15	4	99	1	5.929292929292929
maze90_15_5.mz	90	15	5	99	1	6.91919191919192
maze90_15_6.mz	90	15	6	14	86	17.571428571428573
maze90_15_7.mz	90	15	7	97	3	4.34020618556701
maze90_15_8.mz	90	15	8	100	0	0.53
maze90_15_9.mz	90	15	9	98	2	2.7857142857142856
maze100_5_0.mz	100	5	0	73	27	13.794520547945206
maze100_5_1.mz	100	5	1	56	44	13.0
maze100_5_2.mz	100	5	2	51	49	15.980392156862745
maze100_5_3.mz	100	5	3	68	32	16.11764705882353
maze100_5_4.mz	100	5	4	99	1	4.707070707070707
maze100_5_5.mz	100	5	5	99	1	1.0707070707070707
maze100_5_6.mz	100	5	6	89	11	10.359550561797754
maze100_5_7.mz	100	5	7	82	18	12.060975609756097
maze100_5_8.mz	100	5	8	90	10	10.38888888888889
maze100_5_9.mz	100	5	9	55	45	15.945454545454545
maze100_10_0.mz	100	10	0	94	6	5.9787234042553195
maze100_10_1.mz	100	10	1	98	2	4.816326530612245
maze100_10_2.mz	100	10	2	76	24	11.026315789473685
maze100_10_3.mz	100	10	3	98	2	6.561224489795919
maze100_10_4.mz	100	10	4	100	0	0.52
maze100_10_5.mz	100	10	5	99	1	2.9494949494949494
maze100_10_6.mz	100	10	6	100	0	2.3
maze100_10_7.mz	100	10	7	34	66	23.147058823529413
maze100_10_8.mz	100	10	8	100	0	3.0
maze100_10_9.mz	100	10	9	19	81	22.894736842105264
maze100_20_0.mz	100	20	0	100	0	0.36
maze100_20_1.mz	100	20	1	48	52	19.166666666666668
maze100_20_2.mz	100	20	2	88	12	9.556818181818182
maze100_20_3.mz	100	20	3	89	11	7.51685393258427
maze100_20_4.mz	100	20	4	78	22	13.525641025641026
maze100_20_5.mz	100	20	5	56	44	15.482142857142858
maze100_20_6.mz	100	20	6	89	11	10.932584269662922
maze100_20_7.mz	100	20	7	67	33	11.119402985074627
maze100_20_8.mz	100	20	8	100	0	0.34
maze100_20_9.mz	100	20	9	38	62	19.57894736842105
maze110_5_0.mz	110	5	0	61	39	13.672131147540984
maze110_5_1.mz	110	5	1	100	0	4.64
maze110_5_2.mz	110	5	2	50	50	18.42
maze110_5_3.mz	110	5	3	25	75	20.96
maze110_5_4.mz	110	5	4	72	28	13.625
maze110_5_5.mz	110	5	5	79	21	12.632911392405063
maze110_5_6.mz	110	5	6	94	6	7.659574468085107
maze110_5_7.mz	110	5	7	70	30	14.585714285714285
maze110_5_8.mz	110	5	8	97	3	8.68041237113402
maze110_5_9.mz	110	5	9	92	8	9.16304347826087
maze110_10_0.mz	110	10	0	100	0	0.38
maze110_10_1.mz	110	10	1	89	11	7.101123595505618
maze110_10_2.mz	110	10	2	100	0	3.73
maze110_10_3.mz	110	10	3	96	4	3.9375
maze110_10_4.mz	110	10	4	2	98	22.0
maze110_10_5.mz	110	10	5	100	0	2.16
maze110_10_6.mz	110	10	6	95	5	7.094736842105263
maze110_10_7.mz	110	10	7	50	50	17.54
maze110_10_8.mz	110	10	8	96	4	6.96875
maze110_10_9.mz	110	10	9	71	29	11.67605633802817
maze120_5_0.mz	120	5	0	4	96	10.5
maze120_5_1.mz	120	5	1	71	29	11.746478873239436
maze120_5_2.mz	120	5	2	24	76	19.958333333333332
maze120_5_3.mz	120	5	3	64	36	15.21875
maze120_5_4.mz	120	5	4	100	0	2.21
maze120_5_5.mz	120	5	5	25	75	17.64
maze120_5_6.mz	120	5	6	97	3	9.556701030927835
maze120_5_7.mz	120	5	7	62	38	15.838709677419354
maze120_5_8.mz	120	5	8	95	5	6.88421052631579
maze120_5_9.mz	120	5	9	92	8	10.782608695652174
maze120_10_0.mz	120	10	0	99	1	2.1515151515151514
maze120_10_1.mz	120	10	1	98	2	6.551020408163265
maze120_10_2.mz	120	10	2	100	0	6.36
maze120_10_3.mz	120	10	3	100	0	2.83
maze120_10_4.mz	120	10	4	97	3	6.092783505154639
maze120_10_5.mz	120	10	5	98	2	3.295918367346939
maze120_10_6.mz	120	10	6	95	5	7.3578947368421055
maze120_10_7.mz	120	10	7	100	0	1.54
maze120_10_8.mz	120	10	8	64	36	14.40625
maze120_10_9.mz	120	10	9	100	0	2.98
maze120_15_0.mz	120	15	0	98	2	3.357142857142857
maze120_15_1.mz	120	15	1	74	26	14.054054054054054
maze120_15_2.mz	120	15	2	94	6	12.095744680851064
maze120_15_3.mz	120	15	3	100	0	1.69
maze120_15_4.mz	120	15	4	100	0	1.7
maze120_15_5.mz	120	15	5	78	22	10.538461538461538
maze120_15_6.mz	120	15	6	97	3	6.195876288659794
maze120_15_7.mz	120	15	7	94	6	8.914893617021276
maze120_15_8.mz	120	15	8	75	25	13.24
maze120_15_9.mz	120	15	9	54	46	15.88888888888889
maze120_20_0.mz	120	20	0	84	16	10.035714285714286
maze120_20_1.mz	120	20	1	99	1	3.898989898989899
maze120_20_2.mz	120	20	2	99	1	3.0707070707070705
maze120_20_3.mz	120	20	3	94	6	7.095744680851064
maze120_20_4.mz	120	20	4	53	47	16.69811320754717
maze120_20_5.mz	120	20	5	90	10	8.488888888888889
maze120_20_6.mz	120	20	6	61	39	14.836065573770492
maze120_20_7.mz	120	20	7	33	67	21.818181818181817
maze120_20_8.mz	120	20	8	96	4	4.15625
maze120_20_9.mz	120	20	9	77	23	11.662337662337663
maze130_5_0.mz	130	5	0	98	2	6.653061224489796
maze130_5_1.mz	130	5	1	100	0	0.4
maze130_5_2.mz	130	5	2	81	19	14.11111111111111
maze130_5_3.mz	130	5	3	79	21	10.620253164556962
maze130_5_4.mz	130	5	4	83	17	11.927710843373495
maze130_5_5.mz	130	5	5	99	1	3.3333333333333335
maze130_5_6.mz	130	5	6	93	7	6.774193548387097
maze130_5_7.mz	130	5	7	100	0	2.62
maze130_5_8.mz	130	5	8	30	70	20.533333333333335
maze130_5_9.mz	130	5	9	16	84	22.8125
maze130_10_0.mz	130	10	0	92	8	7.4021739130434785
maze130_10_1.mz	130	10	1	94	6	8.51063829787234
maze130_10_2.mz	130	10	2	98	2	5.938775510204081
maze130_10_3.mz	130	10	3	100	0	3.15
maze130_10_4.mz	130	10	4	100	0	2.2
maze130_10_5.mz	130	10	5	94	6	4.946808510638298
maze130_10_6.mz	130	10	6	91	9	8.340659340659341
maze130_10_7.mz	130	10	7	97	3	6.927835051546392
maze130_10_8.mz	130	10	8	90	10	10.166666666666666
maze130_10_9.mz	130	10	9	97	3	7.855670103092783
maze140_5_0.mz	140	5	0	56	44	13.857142857142858
maze140_5_1.mz	140	5	1	79	21	11.936708860759493
maze140_5_2.mz	140	5	2	83	17	11.27710843373494
maze140_5_3.mz	140	5	3	34	66	21.91176470588235
maze140_5_4.mz	140	5	4	66	34	12.833333333333334
maze140_5_5.mz	140	5	5	66	34	14.696969696969697
maze140_5_6.mz	140	5	6	52	48	19.596153846153847
maze140_5_7.mz	140	5	7	66	34	14.56060606060606
maze140_5_8.mz	140	5	8	78	22	12.551282051282051
maze140_5_9.mz	140	5	9	87	13	9.206896551724139
maze140_10_0.mz	140	10	0	21	79	17.047619047619047
maze140_10_1.mz	140	10	1	100	0	0.62
maze140_10_2.mz	140	10	2	100	0	1.33
maze140_10_3.mz	140	10	3	35	65	19.085714285714285
maze140_10_4.mz	140	10	4	42	58	15.738095238095237
maze140_10_5.mz	140	10	5	100	0	3.17
maze140_10_6.mz	140	10	6	45	55	18.644444444444446
maze140_10_7.mz	140	10	7	99	1	2.7373737373737375
maze140_10_8.mz	140	10	8	98	2	3.7448979591836733
maze140_10_9.mz	140	10	9	87	13	8.494252873563218
maze140_20_0.mz	140	20	0	79	21	13.037974683544304
maze140_20_1.mz	140	20	1	15	85	16.733333333333334
maze140_20_2.mz	140	20	2	75	25	14.413333333333334
maze140_20_3.mz	140	20	3	58	42	17.93103448275862
maze140_20_4.mz	140	20	4	86	14	11.174418604651162
maze140_20_5.mz	140	20	5	98	2	3.806122448979592
maze140_20_6.mz	140	20	6	88	12	7.840909090909091
maze140_20_7.mz	140	20	7	77	23	15.025974025974026
maze140_20_8.mz	140	20	8	46	54	14.956521739130435
maze140_20_9.mz	140	20	9	85	15	8.211764705882352
maze150_5_0.mz	150	5	0	64	36	14.375
maze150_5_1.mz	150	5	1	84	16	13.333333333333334
maze150_5_2.mz	150	5	2	26	74	23.192307692307693
maze150_5_3.mz	150	5	3	62	38	17.532258064516128
maze150_5_4.mz	150	5	4	4	96	33.5
maze150_5_5.mz	150	5	5	89	11	9.719101123595506
maze150_5_6.mz	150	5	6	23	77	19.434782608695652
maze150_5_7.mz	150	5	7	10	90	26.5
maze150_5_8.mz	150	5	8	66	34	14.318181818181818
maze150_5_9.mz	150	5	9	49	51	17.408163265306122
maze150_10_0.mz	150	10	0	73	27	14.917808219178083
maze150_10_1.mz	150	10	1	31	69	22.225806451612904
maze150_10_2.mz	150	10	2	53	47	13.754716981132075
maze150_10_3.mz	150	10	3	97	3	4.927835051546392
maze150_10_4.mz	150	10	4	89	11	9.348314606741573
maze150_10_5.mz	150	10	5	100	0	2.38
maze150_10_6.mz	150	10	6	87	13	11.264367816091953
maze150_10_7.mz	150	10	7	62	38	14.338709677419354
maze150_10_8.mz	150	10	8	73	27	15.054794520547945
maze150_10_9.mz	150	10	9	77	23	12.974025974025974
maze150_15_0.mz	150	15	0	35	65	17.914285714285715
maze150_15_1.mz	150	15	1	87	13	7.67816091954023
maze150_15_2.mz	150	15	2	87	13	12.574712643678161
maze150_15_3.mz	150	15	3	81	19	12.037037037037036
maze150_15_4.mz	150	15	4	89	11	9.426966292134832
maze150_15_5.mz	150	15	5	96	4	5.625
maze150_15_6.mz	150	15	6	94	6	5.968085106382978
maze150_15_7.mz	150	15	7	98	2	3.3877551020408165
maze150_15_8.mz	150	15	8	30	70	22.5
maze150_15_9.mz	150	15	9	97	3	5.721649484536083
maze160_5_0.mz	160	5	0	55	45	18.272727272727273
maze160_5_1.mz	160	5	1	75	25	12.04
maze160_5_2.mz	160	5	2	19	81	23.63157894736842
maze160_5_3.mz	160	5	3	21	79	21.61904761904762
maze160_5_4.mz	160	5	4	34	66	16.029411764705884
maze160_5_5.mz	160	5	5	65	35	15.0
maze160_5_6.mz	160	5	6	15	85	23.533333333333335
maze160_5_7.mz	160	5	7	90	10	10.022222222222222
maze160_5_8.mz	160	5	8	42	58	20.761904761904763
maze160_5_9.mz	160	5	9	84	16	12.916666666666666
maze160_10_0.mz	160	10	0	84	16	12.107142857142858
maze160_10_1.mz	160	10	1	70	30	16.214285714285715
maze160_10_2.mz	160	10	2	99	1	3.242424242424242
maze160_10_3.mz	160	10	3	86	14	10.174418604651162
maze160_10_4.mz	160	10	4	42	58	15.928571428571429
maze160_10_5.mz	160	10	5	12	88	19.25
maze160_10_6.mz	160	10	6	73	27	14.301369863013699
maze160_10_7.mz	160	10	7	99	1	2.676767676767677
maze160_10_8.mz	160	10	8	36	64	19.27777777777778
maze160_10_9.mz	160	10	9	86	14	13.744186046511627
maze160_20_0.mz	160	20	0	19	81	22.526315789473685
maze160_20_1.mz	160	20	1	90	10	9.2
maze160_20_2.mz	160	20	2	17	83	22.823529411764707
maze160_20_3.mz	160	20	3	56	44	15.160714285714286
maze160_20_4.mz	160	20	4	100	0	0.81
maze160_20_5.mz	160	20	5	86	14	9.023255813953488
maze160_20_6.mz	160	20	6	49	51	14.877551020408163
maze160_20_7.mz	160	20	7	8	92	21.875
maze160_20_8.mz	160	20	8	13	87	17.923076923076923
maze160_20_9.mz	160	20	9	90	10	6.188888888888889
maze170_5_0.mz	170	5	0	60	40	16.8
maze170_5_1.mz	170	5	1	47	53	17.80851063829787
maze170_5_2.mz	170	5	2	22	78	24.636363636363637
maze170_5_3.mz	170	5	3	68	32	15.294117647058824
maze170_5_4.mz	170	5	4	12	88	28.333333333333332
maze170_5_5.mz	170	5	5	60	40	15.55
maze170_5_6.mz	170	5	6	68	32	14.455882352941176
maze170_5_7.mz	170	5	7	48	52	14.375
maze170_5_8.mz	170	5	8	57	43	16.280701754385966
maze170_5_9.mz	170	5	9	12	88	21.333333333333332
maze170_10_0.mz	170	10	0	98	2	4.908163265306122
maze170_10_1.mz	170	10	1	56	44	16.642857142857142
maze170_10_2.mz	170	10	2	25	75	19.72
maze170_10_3.mz	170	10	3	4	96	15.5
maze170_10_4.mz	170	10	4	98	2	4.877551020408164
maze170_10_5.mz	170	10	5	10	90	28.8
maze170_10_6.mz	170	10	6	99	1	4.484848484848484
maze170_10_7.mz	170	10	7	60	40	14.366666666666667
maze170_10_8.mz	170	10	8	61	39	13.327868852459016
maze170_10_9.mz	170	10	9	100	0	4.51
maze180_5_0.mz	180	5	0	28	72	18.571428571428573
maze180_5_1.mz	180	5	1	3	97	16.333333333333332
maze180_5_2.mz	180	5	2	33	67	23.03030303030303
maze180_5_3.mz	180	5	3	8	92	25.5
maze180_5_4.mz	180	5	4	41	59	19.975609756097562
maze180_5_5.mz	180	5	5	0	100	NaN
maze180_5_6.mz	180	5	6	25	75	18.04
maze180_5_7.mz	180	5	7	31	69	24.451612903225808
maze180_5_8.mz	180	5	8	14	86	25.285714285714285
maze180_5_9.mz	180	5	9	28	72	21.285714285714285
maze180_10_0.mz	180	10	0	23	77	21.565217391304348
maze180_10_1.mz	180	10	1	81	19	11.654320987654321
maze180_10_2.mz	180	10	2	30	70	19.133333333333333
maze180_10_3.mz	180	10	3	93	7	6.89247311827957
maze180_10_4.mz	180	10	4	52	48	15.98076923076923
maze180_10_5.mz	180	10	5	88	12	9.488636363636363
maze180_10_6.mz	180	10	6	98	2	6.785714285714286
maze180_10_7.mz	180	10	7	61	39	18.75409836065574
maze180_10_8.mz	180	10	8	78	22	11.833333333333334
maze180_10_9.mz	180	10	9	25	75	20.24
maze180_15_0.mz	180	15	0	0	100	NaN
maze180_15_1.mz	180	15	1	65	35	21.46153846153846
maze180_15_2.mz	180	15	2	13	87	24.307692307692307
maze180_15_3.mz	180	15	3	100	0	1.01
maze180_15_4.mz	180	15	4	20	80	23.25
maze180_15_5.mz	180	15	5	90	10	9.644444444444444
maze180_15_6.mz	180	15	6	45	55	20.355555555555554
maze180_15_7.mz	180	15	7	87	13	10.827586206896552
maze180_15_8.mz	180	15	8	100	0	0.45
maze180_15_9.mz	180	15	9	90	10	8.922222222222222
maze180_20_0.mz	180	20	0	26	74	21.076923076923077
maze180_20_1.mz	180	20	1	26	74	19.807692307692307
maze180_20_2.mz	180	20	2	4	96	25.75
maze180_20_3.mz	180	20	3	2	98	28.0
maze180_20_4.mz	180	20	4	27	73	19.962962962962962
maze180_20_5.mz	180	20	5	67	33	14.835820895522389
maze180_20_6.mz	180	20	6	95	5	6.063157894736842
maze180_20_7.mz	180	20	7	2	98	19.0
maze180_20_8.mz	180	20	8	0	100	NaN
maze180_20_9.mz	180	20	9	27	73	23.0
maze190_5_0.mz	190	5	0	10	90	19.0
maze190_5_1.mz	190	5	1	81	19	11.703703703703704
maze190_5_2.mz	190	5	2	16	84	23.75
maze190_5_3.mz	190	5	3	65	35	13.476923076923077
maze190_5_4.mz	190	5	4	33	67	19.515151515151516
maze190_5_5.mz	190	5	5	42	58	21.023809523809526
maze190_5_6.mz	190	5	6	28	72	18.071428571428573
maze190_5_7.mz	190	5	7	20	80	25.0
maze190_5_8.mz	190	5	8	37	63	22.324324324324323
maze190_5_9.mz	190	5	9	82	18	12.109756097560975
maze190_10_0.mz	190	10	0	98	2	6.8979591836734695
maze190_10_1.mz	190	10	1	91	9	10.010989010989011
maze190_10_2.mz	190	10	2	53	47	19.169811320754718
maze190_10_3.mz	190	10	3	96	4	11.458333333333334
maze190_10_4.mz	190	10	4	5	95	23.4
maze190_10_5.mz	190	10	5	81	19	13.814814814814815
maze190_10_6.mz	190	10	6	16	84	19.5625
maze190_10_7.mz	190	10	7	100	0	0.48
maze190_10_8.mz	190	10	8	1	99	21.0
maze190_10_9.mz	190	10	9	26	74	21.115384615384617
maze200_5_0.mz	200	5	0	0	100	NaN
maze200_5_1.mz	200	5	1	6	94	23.0
maze200_5_2.mz	200	5	2	23	77	20.565217391304348
maze200_5_3.mz	200	5	3	94	6	10.170212765957446
maze200_5_4.mz	200	5	4	21	79	24.666666666666668
maze200_5_5.mz	200	5	5	0	100	NaN
maze200_5_6.mz	200	5	6	39	61	15.564102564102564
maze200_5_7.mz	200	5	7	3	97	18.333333333333332
maze200_5_8.mz	200	5	8	8	92	21.625
maze200_5_9.mz	200	5	9	1	99	30.0
maze200_10_0.mz	200	10	0	48	52	19.541666666666668
maze200_10_1.mz	200	10	1	97	3	3.0618556701030926
maze200_10_2.mz	200	10	2	25	75	20.28
maze200_10_3.mz	200	10	3	94	6	6.148936170212766
maze200_10_4.mz	200	10	4	92	8	7.945652173913044
maze200_10_5.mz	200	10	5	2	98	26.0
maze200_10_6.mz	200	10	6	98	2	5.255102040816326
maze200_10_7.mz	200	10	7	9	91	21.22222222222222
maze200_10_8.mz	200	10	8	87	13	9.942528735632184
maze200_10_9.mz	200	10	9	84	16	9.880952380952381
maze200_20_0.mz	200	20	0	24	76	18.666666666666668
maze200_20_1.mz	200	20	1	82	18	10.573170731707316
maze200_20_2.mz	200	20	2	80	20	11.925
maze200_20_3.mz	200	20	3	37	63	23.243243243243242
maze200_20_4.mz	200	20	4	83	17	9.409638554216867
maze200_20_5.mz	200	20	5	31	69	20.387096774193548
maze200_20_6.mz	200	20	6	99	1	3.3535353535353534
maze200_20_7.mz	200	20	7	86	14	9.686046511627907
maze200_20_8.mz	200	20	8	15	85	30.2
maze200_20_9.mz	200	20	9	64	36	14.015625
maze210_5_0.mz	210	5	0	7	93	26.0
maze210_5_1.mz	210	5	1	52	48	12.23076923076923
maze210_5_2.mz	210	5	2	28	72	19.607142857142858
maze210_5_3.mz	210	5	3	8	92	28.625
maze210_5_4.mz	210	5	4	7	93	23.0
maze210_5_5.mz	210	5	5	13	87	21.692307692307693
maze210_5_6.mz	210	5	6	6	94	32.5
maze210_5_7.mz	210	5	7	4	96	19.5
maze210_5_8.mz	210	5	8	72	28	18.430555555555557
maze210_5_9.mz	210	5	9	18	82	24.166666666666668
maze210_10_0.mz	210	10	0	66	34	15.272727272727273
maze210_10_1.mz	210	10	1	90	10	9.277777777777779
maze210_10_2.mz	210	10	2	26	74	17.73076923076923
maze210_10_3.mz	210	10	3	85	15	12.282352941176471
maze210_10_4.mz	210	10	4	34	66	16.235294117647058
maze210_10_5.mz	210	10	5	1	99	6.0
maze210_10_6.mz	210	10	6	47	53	20.5531914893617
maze210_10_7.mz	210	10	7	79	21	11.645569620253164
maze210_10_8.mz	210	10	8	52	48	16.576923076923077
maze210_10_9.mz	210	10	9	68	32	16.0
maze210_15_0.mz	210	15	0	19	81	16.68421052631579
maze210_15_1.mz	210	15	1	30	70	18.966666666666665
maze210_15_2.mz	210	15	2	74	26	14.527027027027026
maze210_15_3.mz	210	15	3	60	40	16.383333333333333
maze210_15_4.mz	210	15	4	26	74	18.846153846153847
maze210_15_5.mz	210	15	5	73	27	13.917808219178083
maze210_15_6.mz	210	15	6	97	3	5.072164948453608
maze210_15_7.mz	210	15	7	95	5	5.768421052631579
maze210_15_8.mz	210	15	8	56	44	15.928571428571429
maze210_15_9.mz	210	15	9	63	37	16.80952380952381
maze220_5_0.mz	220	5	0	6	94	18.166666666666668
maze220_5_1.mz	220	5	1	15	85	23.333333333333332
maze220_5_2.mz	220	5	2	9	91	26.22222222222222
maze220_5_3.mz	220	5	3	13	87	21.615384615384617
maze220_5_4.mz	220	5	4	9	91	34.666666666666664
maze220_5_5.mz	220	5	5	9	91	23.77777777777778
maze220_5_6.mz	220	5	6	0	100	NaN
maze220_5_7.mz	220	5	7	13	87	30.307692307692307
maze220_5_8.mz	220	5	8	4	96	14.5
maze220_5_9.mz	220	5	9	13	87	16.76923076923077
maze220_10_0.mz	220	10	0	23	77	18.608695652173914
maze220_10_1.mz	220	10	1	65	35	15.507692307692308
maze220_10_2.mz	220	10	2	38	62	21.473684210526315
maze220_10_3.mz	220	10	3	26	74	17.807692307692307
maze220_10_4.mz	220	10	4	72	28	12.430555555555555
maze220_10_5.mz	220	10	5	68	32	11.779411764705882
maze220_10_6.mz	220	10	6	16	84	25.875
maze220_10_7.mz	220	10	7	97	3	7.061855670103093
maze220_10_8.mz	220	10	8	13	87	18.53846153846154
maze220_10_9.mz	220	10	9	8	92	26.625
maze220_20_0.mz	220	20	0	22	78	18.5
maze220_20_1.mz	220	20	1	100	0	0.09
maze220_20_2.mz	220	20	2	76	24	12.355263157894736
maze220_20_3.mz	220	20	3	74	26	15.472972972972974
maze220_20_4.mz	220	20	4	91	9	9.307692307692308
maze220_20_5.mz	220	20	5	98	2	4.23469387755102
maze220_20_6.mz	220	20	6	99	1	4.181818181818182
maze220_20_7.mz	220	20	7	79	21	13.012658227848101
maze220_20_8.mz	220	20	8	92	8	7.130434782608695
maze220_20_9.mz	220	20	9	34	66	20.941176470588236
maze230_5_0.mz	230	5	0	0	100	NaN
maze230_5_1.mz	230	5	1	12	88	23.0
maze230_5_2.mz	230	5	2	42	58	16.785714285714285
maze230_5_3.mz	230	5	3	2	98	35.5
maze230_5_4.mz	230	5	4	31	69	20.258064516129032
maze230_5_5.mz	230	5	5	13	87	26.076923076923077
maze230_5_6.mz	230	5	6	22	78	21.727272727272727
maze230_5_7.mz	230	5	7	0	100	NaN
maze230_5_8.mz	230	5	8	0	100	NaN
maze230_5_9.mz	230	5	9	0	100	NaN
maze230_10_0.mz	230	10	0	46	54	18.195652173913043
maze230_10_1.mz	230	10	1	32	68	17.78125
maze230_10_2.mz	230	10	2	10	90	18.9
maze230_10_3.mz	230	10	3	73	27	14.465753424657533
maze230_10_4.mz	230	10	4	58	42	15.775862068965518
maze230_10_5.mz	230	10	5	37	63	18.027027027027028
maze230_10_6.mz	230	10	6	86	14	10.232558139534884
maze230_10_7.mz	230	10	7	100	0	4.3
maze230_10_8.mz	230	10	8	90	10	7.322222222222222
maze230_10_9.mz	230	10	9	6	94	17.5
maze240_5_0.mz	240	5	0	0	100	NaN
maze240_5_1.mz	240	5	1	10	90	18.8
maze240_5_2.mz	240	5	2	22	78	26.272727272727273
maze240_5_3.mz	240	5	3	6	94	25.0
maze240_5_4.mz	240	5	4	1	99	24.0
maze240_5_5.mz	240	5	5	51	49	18.07843137254902
maze240_5_6.mz	240	5	6	33	67	18.060606060606062
maze240_5_7.mz	240	5	7	18	82	25.72222222222222
maze240_5_8.mz	240	5	8	41	59	19.097560975609756
maze240_5_9.mz	240	5	9	6	94	22.166666666666668
maze240_10_0.mz	240	10	0	0	100	NaN
maze240_10_1.mz	240	10	1	17	83	21.647058823529413
maze240_10_2.mz	240	10	2	31	69	20.870967741935484
maze240_10_3.mz	240	10	3	83	17	11.289156626506024
maze240_10_4.mz	240	10	4	74	26	14.95945945945946
maze240_10_5.mz	240	10	5	12	88	25.25
maze240_10_6.mz	240	10	6	44	56	17.136363636363637
maze240_10_7.mz	240	10	7	16	84	18.4375
maze240_10_8.mz	240	10	8	99	1	2.9494949494949494
maze240_10_9.mz	240	10	9	38	62	18.55263157894737
maze240_15_0.mz	240	15	0	96	4	6.020833333333333
maze240_15_1.mz	240	15	1	82	18	14.21951219512195
maze240_15_2.mz	240	15	2	51	49	17.705882352941178
maze240_15_3.mz	240	15	3	98	2	2.9183673469387754
maze240_15_4.mz	240	15	4	6	94	26.333333333333332
maze240_15_5.mz	240	15	5	100	0	3.32
maze240_15_6.mz	240	15	6	86	14	10.186046511627907
maze240_15_7.mz	240	15	7	9	91	17.444444444444443
maze240_15_8.mz	240	15	8	53	47	15.283018867924529
maze240_15_9.mz	240	15	9	60	40	15.116666666666667
maze240_20_0.mz	240	20	0	96	4	4.177083333333333
maze240_20_1.mz	240	20	1	99	1	4.02020202020202
maze240_20_2.mz	240	20	2	62	38	13.82258064516129
maze240_20_3.mz	240	20	3	12	88	22.0
maze240_20_4.mz	240	20	4	15	85	19.733333333333334
maze240_20_5.mz	240	20	5	79	21	11.341772151898734
maze240_20_6.mz	240	20	6	48	52	18.166666666666668
maze240_20_7.mz	240	20	7	49	51	18.306122448979593
maze240_20_8.mz	240	20	8	6	94	28.166666666666668
maze240_20_9.mz	240	20	9	17	83	17.176470588235293
maze250_5_0.mz	250	5	0	4	96	12.5
maze250_5_1.mz	250	5	1	2	98	18.0
maze250_5_2.mz	250	5	2	6	94	21.333333333333332
maze250_5_3.mz	250	5	3	3	97	23.333333333333332
maze250_5_4.mz	250	5	4	15	85	19.733333333333334
maze250_5_5.mz	250	5	5	4	96	26.75
maze250_5_6.mz	250	5	6	18	82	23.5
maze250_5_7.mz	250	5	7	4	96	12.5
maze250_5_8.mz	250	5	8	13	87	24.846153846153847
maze250_5_9.mz	250	5	9	15	85	22.733333333333334
maze250_10_0.mz	250	10	0	0	100	NaN
maze250_10_1.mz	250	10	1	90	10	11.422222222222222
maze250_10_2.mz	250	10	2	1	99	38.0
maze250_10_3.mz	250	10	3	21	79	19.952380952380953
maze250_10_4.mz	250	10	4	33	67	20.21212121212121
maze250_10_5.mz	250	10	5	62	38	14.32258064516129
maze250_10_6.mz	250	10	6	79	21	12.69620253164557
maze250_10_7.mz	250	10	7	7	93	24.571428571428573
maze250_10_8.mz	250	10	8	4	96	6.25
maze250_10_9.mz	250	10	9	59	41	17.915254237288135
maze260_5_0.mz	260	5	0	15	85	24.2
maze260_5_1.mz	260	5	1	0	100	NaN
maze260_5_2.mz	260	5	2	0	100	NaN
maze260_5_3.mz	260	5	3	25	75	16.92
maze260_5_4.mz	260	5	4	14	86	22.5
maze260_5_5.mz	260	5	5	26	74	12.538461538461538
maze260_5_6.mz	260	5	6	18	82	20.22222222222222
maze260_5_7.mz	260	5	7	18	82	20.0
maze260_5_8.mz	260	5	8	68	32	12.352941176470589
maze260_5_9.mz	260	5	9	0	100	NaN
maze260_10_0.mz	260	10	0	1	99	49.0
maze260_10_1.mz	260	10	1	5	95	9.2
maze260_10_2.mz	260	10	2	26	74	22.846153846153847
maze260_10_3.mz	260	10	3	15	85	18.733333333333334
maze260_10_4.mz	260	10	4	3	97	9.666666666666666
maze260_10_5.mz	260	10	5	48	52	16.0
maze260_10_6.mz	260	10	6	37	63	21.864864864864863
maze260_10_7.mz	260	10	7	19	81	17.0
maze260_10_8.mz	260	10	8	0	100	NaN
maze260_10_9.mz	260	10	9	0	100	NaN
maze260_20_0.mz	260	20	0	32	68	18.15625
maze260_20_1.mz	260	20	1	17	83	18.058823529411764
maze260_20_2.mz	260	20	2	23	77	25.434782608695652
maze260_20_3.mz	260	20	3	2	98	22.5
maze260_20_4.mz	260	20	4	65	35	17.6
maze260_20_5.mz	260	20	5	2	98	29.5
maze260_20_6.mz	260	20	6	14	86	22.571428571428573
maze260_20_7.mz	260	20	7	28	72	20.642857142857142
maze260_20_8.mz	260	20	8	100	0	4.54
maze260_20_9.mz	260	20	9	69	31	15.014492753623188
maze270_5_0.mz	270	5	0	0	100	NaN
maze270_5_1.mz	270	5	1	1	99	26.0
maze270_5_2.mz	270	5	2	0	100	NaN
maze270_5_3.mz	270	5	3	1	99	28.0
maze270_5_4.mz	270	5	4	35	65	17.82857142857143
maze270_5_5.mz	270	5	5	0	100	NaN
maze270_5_6.mz	270	5	6	1	99	25.0
maze270_5_7.mz	270	5	7	12	88	21.5
maze270_5_8.mz	270	5	8	1	99	11.0
maze270_5_9.mz	270	5	9	1	99	26.0
maze270_10_0.mz	270	10	0	2	98	27.0
maze270_10_1.mz	270	10	1	98	2	6.683673469387755
maze270_10_2.mz	270	10	2	43	57	20.209302325581394
maze270_10_3.mz	270	10	3	14	86	23.142857142857142
maze270_10_4.mz	270	10	4	7	93	19.857142857142858
maze270_10_5.mz	270	10	5	2	98	29.0
maze270_10_6.mz	270	10	6	11	89	28.09090909090909
maze270_10_7.mz	270	10	7	23	77	23.869565217391305
maze270_10_8.mz	270	10	8	32	68	15.15625
maze270_10_9.mz	270	10	9	8	92	24.875
maze270_15_0.mz	270	15	0	55	45	15.89090909090909
maze270_15_1.mz	270	15	1	46	54	18.282608695652176
maze270_15_2.mz	270	15	2	99	1	4.252525252525253
maze270_15_3.mz	270	15	3	1	99	14.0
maze270_15_4.mz	270	15	4	68	32	16.073529411764707
maze270_15_5.mz	270	15	5	11	89	26.636363636363637
maze270_15_6.mz	270	15	6	19	81	21.57894736842105
maze270_15_7.mz	270	15	7	5	95	14.6
maze270_15_8.mz	270	15	8	81	19	8.54320987654321
maze270_15_9.mz	270	15	9	18	82	19.444444444444443
maze280_5_0.mz	280	5	0	0	100	NaN
maze280_5_1.mz	280	5	1	3	97	27.666666666666668
maze280_5_2.mz	280	5	2	3	97	19.666666666666668
maze280_5_3.mz	280	5	3	0	100	NaN
maze280_5_4.mz	280	5	4	0	100	NaN
maze280_5_5.mz	280	5	5	1	99	4.0
maze280_5_6.mz	280	5	6	7	93	23.714285714285715
maze280_5_7.mz	280	5	7	15	85	17.4
maze280_5_8.mz	280	5	8	2	98	33.5
maze280_5_9.mz	280	5	9	3	97	16.0
maze280_10_0.mz	280	10	0	45	55	19.0
maze280_10_1.mz	280	10	1	91	9	9.791208791208792
maze280_10_2.mz	280	10	2	2	98	25.0
maze280_10_3.mz	280	10	3	15	85	28.533333333333335
maze280_10_4.mz	280	10	4	7	93	23.285714285714285
maze280_10_5.mz	280	10	5	32	68	17.6875
maze280_10_6.mz	280	10	6	50	50	17.02
maze280_10_7.mz	280	10	7	4	96	21.5
maze280_10_8.mz	280	10	8	3	97	25.0
maze280_10_9.mz	280	10	9	10	90	21.7
maze280_20_0.mz	280	20	0	5	95	21.2
maze280_20_1.mz	280	20	1	34	66	19.0
maze280_20_2.mz	280	20	2	98	2	4.091836734693878
maze280_20_3.mz	280	20	3	2	98	32.0
maze280_20_4.mz	280	20	4	0	100	NaN
maze280_20_5.mz	280	20	5	92	8	8.554347826086957
maze280_20_6.mz	280	20	6	16	84	23.75
maze280_20_7.mz	280	20	7	2	98	19.0
maze280_20_8.mz	280	20	8	1	99	2.0
maze280_20_9.mz	280	20	9	100	0	1.93
maze290_5_0.mz	290	5	0	0	100	NaN
maze290_5_1.mz	290	5	1	2	98	19.0
maze290_5_2.mz	290	5	2	0	100	NaN
maze290_5_3.mz	290	5	3	3	97	31.0
maze290_5_4.mz	290	5	4	2	98	24.0
maze290_5_5.mz	290	5	5	2	98	12.5
maze290_5_6.mz	290	5	6	0	100	NaN
maze290_5_7.mz	290	5	7	86	14	11.732558139534884
maze290_5_8.mz	290	5	8	0	100	NaN
maze290_5_9.mz	290	5	9	0	100	NaN
maze290_10_0.mz	290	10	0	22	78	22.136363636363637
maze290_10_1.mz	290	10	1	28	72	25.392857142857142
maze290_10_2.mz	290	10	2	22	78	20.40909090909091
maze290_10_3.mz	290	10	3	33	67	24.242424242424242
maze290_10_4.mz	290	10	4	39	61	18.641025641025642
maze290_10_5.mz	290	10	5	50	50	14.88
maze290_10_6.mz	290	10	6	2	98	31.5
maze290_10_7.mz	290	10	7	58	42	15.03448275862069
maze290_10_8.mz	290	10	8	45	55	16.466666666666665
maze290_10_9.mz	290	10	9	39	61	22.641025641025642
maze300_5_0.mz	300	5	0	0	100	NaN
maze300_5_1.mz	300	5	1	11	89	23.727272727272727
maze300_5_2.mz	300	5	2	0	100	NaN
maze300_5_3.mz	300	5	3	0	100	NaN
maze300_5_4.mz	300	5	4	0	100	NaN
maze300_5_5.mz	300	5	5	0	100	NaN
maze300_5_6.mz	300	5	6	0	100	NaN
maze300_5_7.mz	300	5	7	0	100	NaN
maze300_5_8.mz	300	5	8	0	100	NaN
maze300_5_9.mz	300	5	9	3	97	30.666666666666668
maze300_10_0.mz	300	10	0	57	43	21.29824561403509
maze300_10_1.mz	300	10	1	67	33	14.597014925373134
maze300_10_2.mz	300	10	2	12	88	25.0
maze300_10_3.mz	300	10	3	93	7	8.591397849462366
maze300_10_4.mz	300	10	4	5	95	16.8
maze300_10_5.mz	300	10	5	29	71	21.17241379310345
maze300_10_6.mz	300	10	6	17	83	19.11764705882353
maze300_10_7.mz	300	10	7	15	85	17.133333333333333
maze300_10_8.mz	300	10	8	99	1	2.5656565656565657
maze300_10_9.mz	300	10	9	5	95	31.4
maze300_15_0.mz	300	15	0	26	74	21.807692307692307
maze300_15_1.mz	300	15	1	67	33	14.492537313432836
maze300_15_2.mz	300	15	2	95	5	7.431578947368421
maze300_15_3.mz	300	15	3	20	80	21.05
maze300_15_4.mz	300	15	4	22	78	22.40909090909091
maze300_15_5.mz	300	15	5	4	96	21.75
maze300_15_6.mz	300	15	6	88	12	11.306818181818182
maze300_15_7.mz	300	15	7	39	61	18.512820512820515
maze300_15_8.mz	300	15	8	58	42	17.379310344827587
maze300_15_9.mz	300	15	9	7	93	15.142857142857142
maze300_20_0.mz	300	20	0	93	7	4.838709677419355
maze300_20_1.mz	300	20	1	39	61	20.307692307692307
maze300_20_2.mz	300	20	2	7	93	22.714285714285715
maze300_20_3.mz	300	20	3	58	42	16.844827586206897
maze300_20_4.mz	300	20	4	22	78	19.40909090909091
maze300_20_5.mz	300	20	5	34	66	23.38235294117647
maze300_20_6.mz	300	20	6	23	77	24.869565217391305
maze300_20_7.mz	300	20	7	88	12	8.0
maze300_20_8.mz	300	20	8	14	86	24.5
maze300_20_9.mz	300	20	9	21	79	17.142857142857142
maze310_5_0.mz	310	5	0	2	98	41.5
maze310_5_1.mz	310	5	1	7	93	25.285714285714285
maze310_5_2.mz	310	5	2	0	100	NaN
maze310_5_3.mz	310	5	3	12	88	14.916666666666666
maze310_5_4.mz	310	5	4	0	100	NaN
maze310_5_5.mz	310	5	5	0	100	NaN
maze310_5_6.mz	310	5	6	5	95	23.2
maze310_5_7.mz	310	5	7	0	100	NaN
maze310_5_8.mz	310	5	8	1	99	7.0
maze310_5_9.mz	310	5	9	39	61	20.666666666666668
maze310_10_0.mz	310	10	0	17	83	21.11764705882353
maze310_10_1.mz	310	10	1	4	96	25.25
maze310_10_2.mz	310	10	2	4	96	33.0
maze310_10_3.mz	310	10	3	10	90	27.4
maze310_10_4.mz	310	10	4	7	93	26.428571428571427
maze310_10_5.mz	310	10	5	72	28	13.083333333333334
maze310_10_6.mz	310	10	6	0	100	NaN
maze310_10_7.mz	310	10	7	4	96	14.75
maze310_10_8.mz	310	10	8	2	98	25.5
maze310_10_9.mz	310	10	9	0	100	NaN
maze320_5_0.mz	320	5	0	0	100	NaN
maze320_5_1.mz	320	5	1	1	99	15.0
maze320_5_2.mz	320	5	2	0	100	NaN
maze320_5_3.mz	320	5	3	1	99	13.0
maze320_5_4.mz	320	5	4	0	100	NaN
maze320_5_5.mz	320	5	5	2	98	35.5
maze320_5_6.mz	320	5	6	0	100	NaN
maze320_5_7.mz	320	5	7	0	100	NaN
