Mode XML Parameters
ACO
maxNumIterations	50
pheromonesEvaporationRate	0.65
alpha	0.85
beta	0.85
numberOfAnts	15
GA
geneType	Simple
maxNumIterations	35
eliteNumber	0
mutationRate	0.05
crossoverRate	0.6
EVA
acoImportance	0.25
agImportance	0.75
Maze	dimension	col	#	#ok	#no	avg ok
maze20_5_0.mz	20	5	0	100	0	0.24
maze20_5_1.mz	20	5	1	100	0	0.02
maze20_5_2.mz	20	5	2	100	0	0.0
maze20_5_3.mz	20	5	3	100	0	0.36
maze20_5_4.mz	20	5	4	100	0	0.04
maze20_5_5.mz	20	5	5	100	0	0.0
maze20_5_6.mz	20	5	6	100	0	0.49
maze20_5_7.mz	20	5	7	100	0	0.0
maze20_5_8.mz	20	5	8	100	0	0.01
maze20_5_9.mz	20	5	9	100	0	0.08
maze20_10_0.mz	20	10	0	100	0	0.02
maze20_10_1.mz	20	10	1	100	0	0.01
maze20_10_2.mz	20	10	2	100	0	0.46
maze20_10_3.mz	20	10	3	100	0	0.0
maze20_10_4.mz	20	10	4	100	0	0.25
maze20_10_5.mz	20	10	5	100	0	0.75
maze20_10_6.mz	20	10	6	100	0	0.08
maze20_10_7.mz	20	10	7	100	0	0.01
maze20_10_8.mz	20	10	8	100	0	0.37
maze20_10_9.mz	20	10	9	100	0	0.02
maze30_5_0.mz	30	5	0	100	0	0.42
maze30_5_1.mz	30	5	1	100	0	1.76
maze30_5_2.mz	30	5	2	100	0	3.78
maze30_5_3.mz	30	5	3	100	0	0.0
maze30_5_4.mz	30	5	4	100	0	0.02
maze30_5_5.mz	30	5	5	100	0	0.7
maze30_5_6.mz	30	5	6	100	0	0.37
maze30_5_7.mz	30	5	7	100	0	0.36
maze30_5_8.mz	30	5	8	100	0	0.62
maze30_5_9.mz	30	5	9	100	0	0.35
maze30_10_0.mz	30	10	0	100	0	0.03
maze30_10_1.mz	30	10	1	100	0	0.01
maze30_10_2.mz	30	10	2	100	0	2.52
maze30_10_3.mz	30	10	3	100	0	0.41
maze30_10_4.mz	30	10	4	100	0	0.01
maze30_10_5.mz	30	10	5	100	0	0.11
maze30_10_6.mz	30	10	6	100	0	0.08
maze30_10_7.mz	30	10	7	100	0	1.75
maze30_10_8.mz	30	10	8	100	0	0.71
maze30_10_9.mz	30	10	9	100	0	0.15
maze30_15_0.mz	30	15	0	100	0	0.04
maze30_15_1.mz	30	15	1	100	0	0.15
maze30_15_2.mz	30	15	2	100	0	0.04
maze30_15_3.mz	30	15	3	100	0	0.49
maze30_15_4.mz	30	15	4	100	0	0.83
maze30_15_5.mz	30	15	5	100	0	1.26
maze30_15_6.mz	30	15	6	100	0	1.11
maze30_15_7.mz	30	15	7	100	0	0.08
maze30_15_8.mz	30	15	8	100	0	1.57
maze30_15_9.mz	30	15	9	100	0	2.51
maze40_5_0.mz	40	5	0	100	0	4.93
maze40_5_1.mz	40	5	1	99	1	4.898989898989899
maze40_5_2.mz	40	5	2	100	0	0.0
maze40_5_3.mz	40	5	3	100	0	0.0
maze40_5_4.mz	40	5	4	100	0	0.86
maze40_5_5.mz	40	5	5	100	0	1.09
maze40_5_6.mz	40	5	6	100	0	0.81
maze40_5_7.mz	40	5	7	100	0	1.83
maze40_5_8.mz	40	5	8	100	0	0.2
maze40_5_9.mz	40	5	9	100	0	0.09
maze40_10_0.mz	40	10	0	100	0	1.79
maze40_10_1.mz	40	10	1	100	0	0.44
maze40_10_2.mz	40	10	2	100	0	0.06
maze40_10_3.mz	40	10	3	100	0	0.42
maze40_10_4.mz	40	10	4	100	0	1.19
maze40_10_5.mz	40	10	5	100	0	0.3
maze40_10_6.mz	40	10	6	100	0	0.69
maze40_10_7.mz	40	10	7	100	0	0.84
maze40_10_8.mz	40	10	8	100	0	0.79
maze40_10_9.mz	40	10	9	100	0	0.41
maze40_20_0.mz	40	20	0	100	0	4.21
maze40_20_1.mz	40	20	1	100	0	2.13
maze40_20_2.mz	40	20	2	100	0	0.96
maze40_20_3.mz	40	20	3	100	0	0.81
maze40_20_4.mz	40	20	4	98	2	6.755102040816326
maze40_20_5.mz	40	20	5	100	0	0.95
maze40_20_6.mz	40	20	6	100	0	0.12
maze40_20_7.mz	40	20	7	100	0	0.14
maze40_20_8.mz	40	20	8	100	0	0.07
maze40_20_9.mz	40	20	9	100	0	1.54
maze50_5_0.mz	50	5	0	100	0	2.41
maze50_5_1.mz	50	5	1	100	0	2.34
maze50_5_2.mz	50	5	2	100	0	5.67
maze50_5_3.mz	50	5	3	100	0	1.28
maze50_5_4.mz	50	5	4	100	0	0.0
maze50_5_5.mz	50	5	5	100	0	1.67
maze50_5_6.mz	50	5	6	100	0	0.73
maze50_5_7.mz	50	5	7	100	0	1.59
maze50_5_8.mz	50	5	8	98	2	8.959183673469388
maze50_5_9.mz	50	5	9	100	0	2.2
maze50_10_0.mz	50	10	0	100	0	5.24
maze50_10_1.mz	50	10	1	100	0	0.39
maze50_10_2.mz	50	10	2	100	0	0.58
maze50_10_3.mz	50	10	3	100	0	3.16
maze50_10_4.mz	50	10	4	100	0	0.24
maze50_10_5.mz	50	10	5	100	0	0.23
maze50_10_6.mz	50	10	6	100	0	0.13
maze50_10_7.mz	50	10	7	100	0	0.37
maze50_10_8.mz	50	10	8	98	2	9.979591836734693
maze50_10_9.mz	50	10	9	100	0	0.72
maze60_5_0.mz	60	5	0	100	0	1.36
maze60_5_1.mz	60	5	1	100	0	1.91
maze60_5_2.mz	60	5	2	100	0	1.45
maze60_5_3.mz	60	5	3	97	3	9.65979381443299
maze60_5_4.mz	60	5	4	100	0	0.0
maze60_5_5.mz	60	5	5	100	0	3.22
maze60_5_6.mz	60	5	6	100	0	0.13
maze60_5_7.mz	60	5	7	99	1	8.373737373737374
maze60_5_8.mz	60	5	8	100	0	2.66
maze60_5_9.mz	60	5	9	100	0	0.56
maze60_10_0.mz	60	10	0	100	0	1.41
maze60_10_1.mz	60	10	1	100	0	2.68
maze60_10_2.mz	60	10	2	100	0	0.87
maze60_10_3.mz	60	10	3	100	0	1.83
maze60_10_4.mz	60	10	4	100	0	0.16
maze60_10_5.mz	60	10	5	100	0	2.28
maze60_10_6.mz	60	10	6	100	0	2.76
maze60_10_7.mz	60	10	7	100	0	0.92
maze60_10_8.mz	60	10	8	100	0	4.37
maze60_10_9.mz	60	10	9	100	0	1.5
maze60_15_0.mz	60	15	0	100	0	2.29
maze60_15_1.mz	60	15	1	99	1	10.565656565656566
maze60_15_2.mz	60	15	2	100	0	0.96
maze60_15_3.mz	60	15	3	100	0	0.13
maze60_15_4.mz	60	15	4	100	0	0.45
maze60_15_5.mz	60	15	5	95	5	10.894736842105264
maze60_15_6.mz	60	15	6	93	7	11.838709677419354
maze60_15_7.mz	60	15	7	100	0	0.05
maze60_15_8.mz	60	15	8	100	0	2.82
maze60_15_9.mz	60	15	9	98	2	7.459183673469388
maze60_20_0.mz	60	20	0	100	0	0.17
maze60_20_1.mz	60	20	1	100	0	2.66
maze60_20_2.mz	60	20	2	94	6	11.25531914893617
maze60_20_3.mz	60	20	3	100	0	0.66
maze60_20_4.mz	60	20	4	100	0	5.5
maze60_20_5.mz	60	20	5	100	0	1.85
maze60_20_6.mz	60	20	6	97	3	11.34020618556701
maze60_20_7.mz	60	20	7	99	1	2.5454545454545454
maze60_20_8.mz	60	20	8	98	2	5.979591836734694
maze60_20_9.mz	60	20	9	99	1	3.3737373737373737
maze70_5_0.mz	70	5	0	100	0	3.12
maze70_5_1.mz	70	5	1	100	0	1.46
maze70_5_2.mz	70	5	2	100	0	0.63
maze70_5_3.mz	70	5	3	100	0	3.74
maze70_5_4.mz	70	5	4	100	0	0.91
maze70_5_5.mz	70	5	5	99	1	6.434343434343434
maze70_5_6.mz	70	5	6	100	0	0.04
maze70_5_7.mz	70	5	7	100	0	3.33
maze70_5_8.mz	70	5	8	100	0	3.35
maze70_5_9.mz	70	5	9	85	15	13.717647058823529
maze70_10_0.mz	70	10	0	100	0	3.09
maze70_10_1.mz	70	10	1	100	0	0.97
maze70_10_2.mz	70	10	2	100	0	2.78
maze70_10_3.mz	70	10	3	100	0	0.42
maze70_10_4.mz	70	10	4	100	0	6.36
maze70_10_5.mz	70	10	5	100	0	1.25
maze70_10_6.mz	70	10	6	100	0	0.03
maze70_10_7.mz	70	10	7	100	0	0.16
maze70_10_8.mz	70	10	8	100	0	0.5
maze70_10_9.mz	70	10	9	100	0	3.09
maze80_5_0.mz	80	5	0	99	1	3.9494949494949494
maze80_5_1.mz	80	5	1	100	0	4.19
maze80_5_2.mz	80	5	2	100	0	3.18
maze80_5_3.mz	80	5	3	98	2	6.918367346938775
maze80_5_4.mz	80	5	4	100	0	0.16
maze80_5_5.mz	80	5	5	92	8	8.75
maze80_5_6.mz	80	5	6	96	4	10.520833333333334
maze80_5_7.mz	80	5	7	99	1	12.474747474747474
maze80_5_8.mz	80	5	8	100	0	4.03
maze80_5_9.mz	80	5	9	99	1	6.171717171717172
maze80_10_0.mz	80	10	0	50	50	19.34
maze80_10_1.mz	80	10	1	100	0	3.54
maze80_10_2.mz	80	10	2	100	0	0.42
maze80_10_3.mz	80	10	3	100	0	1.84
maze80_10_4.mz	80	10	4	99	1	7.494949494949495
maze80_10_5.mz	80	10	5	100	0	0.81
maze80_10_6.mz	80	10	6	94	6	12.138297872340425
maze80_10_7.mz	80	10	7	100	0	0.64
maze80_10_8.mz	80	10	8	100	0	1.99
maze80_10_9.mz	80	10	9	98	2	7.642857142857143
maze80_20_0.mz	80	20	0	100	0	3.29
maze80_20_1.mz	80	20	1	77	23	16.25974025974026
maze80_20_2.mz	80	20	2	100	0	0.84
maze80_20_3.mz	80	20	3	93	7	10.849462365591398
maze80_20_4.mz	80	20	4	100	0	1.8
maze80_20_5.mz	80	20	5	100	0	5.06
maze80_20_6.mz	80	20	6	98	2	6.5
maze80_20_7.mz	80	20	7	82	18	13.670731707317072
maze80_20_8.mz	80	20	8	97	3	6.061855670103093
maze80_20_9.mz	80	20	9	51	49	22.098039215686274
maze90_5_0.mz	90	5	0	99	1	10.333333333333334
maze90_5_1.mz	90	5	1	15	85	22.6
maze90_5_2.mz	90	5	2	100	0	5.73
maze90_5_3.mz	90	5	3	94	6	10.585106382978724
maze90_5_4.mz	90	5	4	100	0	3.05
maze90_5_5.mz	90	5	5	99	1	4.94949494949495
maze90_5_6.mz	90	5	6	100	0	1.14
maze90_5_7.mz	90	5	7	98	2	7.387755102040816
maze90_5_8.mz	90	5	8	100	0	6.84
maze90_5_9.mz	90	5	9	49	51	24.163265306122447
maze90_10_0.mz	90	10	0	100	0	1.2
maze90_10_1.mz	90	10	1	100	0	0.79
maze90_10_2.mz	90	10	2	100	0	0.8
maze90_10_3.mz	90	10	3	100	0	2.3
maze90_10_4.mz	90	10	4	100	0	2.48
maze90_10_5.mz	90	10	5	82	18	11.75609756097561
maze90_10_6.mz	90	10	6	100	0	0.36
maze90_10_7.mz	90	10	7	99	1	5.02020202020202
maze90_10_8.mz	90	10	8	100	0	4.57
maze90_10_9.mz	90	10	9	94	6	9.287234042553191
maze90_15_0.mz	90	15	0	100	0	0.34
maze90_15_1.mz	90	15	1	100	0	1.05
maze90_15_2.mz	90	15	2	100	0	0.68
maze90_15_3.mz	90	15	3	96	4	7.65625
maze90_15_4.mz	90	15	4	100	0	2.04
maze90_15_5.mz	90	15	5	99	1	3.121212121212121
maze90_15_6.mz	90	15	6	25	75	21.52
maze90_15_7.mz	90	15	7	100	0	1.95
maze90_15_8.mz	90	15	8	100	0	0.52
maze90_15_9.mz	90	15	9	100	0	0.89
maze100_5_0.mz	100	5	0	85	15	14.376470588235295
maze100_5_1.mz	100	5	1	82	18	14.597560975609756
maze100_5_2.mz	100	5	2	18	82	27.72222222222222
maze100_5_3.mz	100	5	3	94	6	12.393617021276595
maze100_5_4.mz	100	5	4	100	0	5.36
maze100_5_5.mz	100	5	5	100	0	0.6
maze100_5_6.mz	100	5	6	99	1	5.515151515151516
maze100_5_7.mz	100	5	7	77	23	15.948051948051948
maze100_5_8.mz	100	5	8	100	0	7.0
maze100_5_9.mz	100	5	9	65	35	16.907692307692308
maze100_10_0.mz	100	10	0	99	1	3.888888888888889
maze100_10_1.mz	100	10	1	100	0	3.12
maze100_10_2.mz	100	10	2	90	10	15.633333333333333
maze100_10_3.mz	100	10	3	100	0	3.26
maze100_10_4.mz	100	10	4	100	0	0.21
maze100_10_5.mz	100	10	5	100	0	0.91
maze100_10_6.mz	100	10	6	100	0	1.17
maze100_10_7.mz	100	10	7	34	66	18.441176470588236
maze100_10_8.mz	100	10	8	100	0	0.94
maze100_10_9.mz	100	10	9	51	49	22.19607843137255
maze100_20_0.mz	100	20	0	100	0	0.48
maze100_20_1.mz	100	20	1	79	21	19.11392405063291
maze100_20_2.mz	100	20	2	95	5	9.326315789473684
maze100_20_3.mz	100	20	3	100	0	4.87
maze100_20_4.mz	100	20	4	95	5	10.978947368421053
maze100_20_5.mz	100	20	5	89	11	11.202247191011235
maze100_20_6.mz	100	20	6	85	15	11.823529411764707
maze100_20_7.mz	100	20	7	94	6	9.829787234042554
maze100_20_8.mz	100	20	8	100	0	0.08
maze100_20_9.mz	100	20	9	68	32	18.25
maze110_5_0.mz	110	5	0	68	32	15.691176470588236
maze110_5_1.mz	110	5	1	100	0	2.51
maze110_5_2.mz	110	5	2	66	34	20.227272727272727
maze110_5_3.mz	110	5	3	45	55	25.57777777777778
maze110_5_4.mz	110	5	4	88	12	12.295454545454545
maze110_5_5.mz	110	5	5	89	11	12.02247191011236
maze110_5_6.mz	110	5	6	100	0	3.55
maze110_5_7.mz	110	5	7	71	29	21.788732394366196
maze110_5_8.mz	110	5	8	93	7	10.505376344086022
maze110_5_9.mz	110	5	9	100	0	9.36
maze110_10_0.mz	110	10	0	100	0	0.16
maze110_10_1.mz	110	10	1	100	0	6.1
maze110_10_2.mz	110	10	2	100	0	1.24
maze110_10_3.mz	110	10	3	100	0	3.03
maze110_10_4.mz	110	10	4	8	92	22.625
maze110_10_5.mz	110	10	5	100	0	0.98
maze110_10_6.mz	110	10	6	99	1	5.161616161616162
maze110_10_7.mz	110	10	7	72	28	19.11111111111111
maze110_10_8.mz	110	10	8	99	1	4.262626262626263
maze110_10_9.mz	110	10	9	85	15	14.282352941176471
maze120_5_0.mz	120	5	0	2	98	43.0
maze120_5_1.mz	120	5	1	80	20	14.9375
maze120_5_2.mz	120	5	2	30	70	21.433333333333334
maze120_5_3.mz	120	5	3	76	24	18.18421052631579
maze120_5_4.mz	120	5	4	100	0	2.56
maze120_5_5.mz	120	5	5	81	19	17.28395061728395
maze120_5_6.mz	120	5	6	95	5	9.378947368421052
maze120_5_7.mz	120	5	7	82	18	17.23170731707317
maze120_5_8.mz	120	5	8	96	4	9.09375
maze120_5_9.mz	120	5	9	100	0	6.28
maze120_10_0.mz	120	10	0	100	0	0.81
maze120_10_1.mz	120	10	1	97	3	7.670103092783505
maze120_10_2.mz	120	10	2	100	0	2.71
maze120_10_3.mz	120	10	3	100	0	0.95
maze120_10_4.mz	120	10	4	100	0	3.53
maze120_10_5.mz	120	10	5	100	0	1.57
maze120_10_6.mz	120	10	6	100	0	4.39
maze120_10_7.mz	120	10	7	100	0	0.41
maze120_10_8.mz	120	10	8	65	35	17.815384615384616
maze120_10_9.mz	120	10	9	100	0	3.3
maze120_15_0.mz	120	15	0	100	0	1.28
maze120_15_1.mz	120	15	1	89	11	9.393258426966293
maze120_15_2.mz	120	15	2	98	2	7.520408163265306
maze120_15_3.mz	120	15	3	100	0	1.09
maze120_15_4.mz	120	15	4	100	0	0.54
maze120_15_5.mz	120	15	5	95	5	11.863157894736842
maze120_15_6.mz	120	15	6	100	0	4.78
maze120_15_7.mz	120	15	7	98	2	6.928571428571429
maze120_15_8.mz	120	15	8	88	12	12.693181818181818
maze120_15_9.mz	120	15	9	47	53	19.5531914893617
maze120_20_0.mz	120	20	0	99	1	7.141414141414141
maze120_20_1.mz	120	20	1	100	0	1.83
maze120_20_2.mz	120	20	2	100	0	1.97
maze120_20_3.mz	120	20	3	95	5	9.494736842105263
maze120_20_4.mz	120	20	4	61	39	18.40983606557377
maze120_20_5.mz	120	20	5	100	0	5.01
maze120_20_6.mz	120	20	6	60	40	16.7
maze120_20_7.mz	120	20	7	46	54	20.0
maze120_20_8.mz	120	20	8	99	1	8.333333333333334
maze120_20_9.mz	120	20	9	95	5	9.210526315789474
maze130_5_0.mz	130	5	0	87	13	11.816091954022989
maze130_5_1.mz	130	5	1	100	0	0.9
maze130_5_2.mz	130	5	2	97	3	9.618556701030927
maze130_5_3.mz	130	5	3	46	54	21.26086956521739
maze130_5_4.mz	130	5	4	97	3	8.061855670103093
maze130_5_5.mz	130	5	5	100	0	2.48
maze130_5_6.mz	130	5	6	100	0	6.78
maze130_5_7.mz	130	5	7	100	0	1.4
maze130_5_8.mz	130	5	8	41	59	21.4390243902439
maze130_5_9.mz	130	5	9	29	71	23.586206896551722
maze130_10_0.mz	130	10	0	100	0	4.79
maze130_10_1.mz	130	10	1	100	0	4.02
maze130_10_2.mz	130	10	2	100	0	5.4
maze130_10_3.mz	130	10	3	100	0	1.71
maze130_10_4.mz	130	10	4	100	0	0.91
maze130_10_5.mz	130	10	5	100	0	3.46
maze130_10_6.mz	130	10	6	96	4	9.677083333333334
maze130_10_7.mz	130	10	7	100	0	1.99
maze130_10_8.mz	130	10	8	98	2	8.989795918367347
maze130_10_9.mz	130	10	9	100	0	3.41
maze140_5_0.mz	140	5	0	59	41	18.305084745762713
maze140_5_1.mz	140	5	1	91	9	11.065934065934066
maze140_5_2.mz	140	5	2	98	2	7.316326530612245
maze140_5_3.mz	140	5	3	64	36	20.015625
maze140_5_4.mz	140	5	4	93	7	11.634408602150538
maze140_5_5.mz	140	5	5	90	10	11.322222222222223
maze140_5_6.mz	140	5	6	62	38	17.241935483870968
maze140_5_7.mz	140	5	7	43	57	18.790697674418606
maze140_5_8.mz	140	5	8	95	5	13.042105263157895
maze140_5_9.mz	140	5	9	89	11	12.438202247191011
maze140_10_0.mz	140	10	0	16	84	23.4375
maze140_10_1.mz	140	10	1	100	0	0.44
maze140_10_2.mz	140	10	2	100	0	1.19
maze140_10_3.mz	140	10	3	60	40	17.083333333333332
maze140_10_4.mz	140	10	4	37	63	19.91891891891892
maze140_10_5.mz	140	10	5	100	0	1.29
maze140_10_6.mz	140	10	6	46	54	17.52173913043478
maze140_10_7.mz	140	10	7	100	0	1.06
maze140_10_8.mz	140	10	8	100	0	3.09
maze140_10_9.mz	140	10	9	98	2	8.928571428571429
maze140_20_0.mz	140	20	0	95	5	9.526315789473685
maze140_20_1.mz	140	20	1	33	67	24.181818181818183
maze140_20_2.mz	140	20	2	81	19	16.02469135802469
maze140_20_3.mz	140	20	3	71	29	18.774647887323944
maze140_20_4.mz	140	20	4	95	5	10.978947368421053
maze140_20_5.mz	140	20	5	100	0	2.34
maze140_20_6.mz	140	20	6	83	17	16.180722891566266
maze140_20_7.mz	140	20	7	94	6	11.829787234042554
maze140_20_8.mz	140	20	8	63	37	19.41269841269841
maze140_20_9.mz	140	20	9	96	4	10.729166666666666
maze150_5_0.mz	150	5	0	61	39	20.360655737704917
maze150_5_1.mz	150	5	1	99	1	11.464646464646465
maze150_5_2.mz	150	5	2	14	86	26.714285714285715
maze150_5_3.mz	150	5	3	82	18	15.926829268292684
maze150_5_4.mz	150	5	4	5	95	21.2
maze150_5_5.mz	150	5	5	97	3	12.474226804123711
maze150_5_6.mz	150	5	6	42	58	22.547619047619047
maze150_5_7.mz	150	5	7	2	98	1.0
maze150_5_8.mz	150	5	8	87	13	14.333333333333334
maze150_5_9.mz	150	5	9	38	62	22.42105263157895
maze150_10_0.mz	150	10	0	88	12	14.090909090909092
maze150_10_1.mz	150	10	1	29	71	23.620689655172413
maze150_10_2.mz	150	10	2	59	41	20.016949152542374
maze150_10_3.mz	150	10	3	100	0	2.8
maze150_10_4.mz	150	10	4	88	12	13.045454545454545
maze150_10_5.mz	150	10	5	100	0	1.31
maze150_10_6.mz	150	10	6	98	2	6.520408163265306
maze150_10_7.mz	150	10	7	72	28	17.458333333333332
maze150_10_8.mz	150	10	8	83	17	14.831325301204819
maze150_10_9.mz	150	10	9	90	10	11.411111111111111
maze150_15_0.mz	150	15	0	35	65	20.97142857142857
maze150_15_1.mz	150	15	1	99	1	5.626262626262626
maze150_15_2.mz	150	15	2	97	3	7.257731958762887
maze150_15_3.mz	150	15	3	95	5	11.56842105263158
maze150_15_4.mz	150	15	4	100	0	7.81
maze150_15_5.mz	150	15	5	100	0	2.69
maze150_15_6.mz	150	15	6	100	0	5.18
maze150_15_7.mz	150	15	7	100	0	3.18
maze150_15_8.mz	150	15	8	48	52	19.1875
maze150_15_9.mz	150	15	9	100	0	2.12
maze160_5_0.mz	160	5	0	74	26	16.72972972972973
maze160_5_1.mz	160	5	1	80	20	15.5625
maze160_5_2.mz	160	5	2	40	60	25.475
maze160_5_3.mz	160	5	3	23	77	27.73913043478261
maze160_5_4.mz	160	5	4	53	47	21.962264150943398
maze160_5_5.mz	160	5	5	80	20	18.275
maze160_5_6.mz	160	5	6	4	96	19.25
maze160_5_7.mz	160	5	7	100	0	7.02
maze160_5_8.mz	160	5	8	32	68	23.875
maze160_5_9.mz	160	5	9	77	23	14.96103896103896
maze160_10_0.mz	160	10	0	98	2	8.39795918367347
maze160_10_1.mz	160	10	1	83	17	15.385542168674698
maze160_10_2.mz	160	10	2	100	0	1.49
maze160_10_3.mz	160	10	3	93	7	10.709677419354838
maze160_10_4.mz	160	10	4	72	28	17.055555555555557
maze160_10_5.mz	160	10	5	11	89	20.454545454545453
maze160_10_6.mz	160	10	6	96	4	10.59375
maze160_10_7.mz	160	10	7	100	0	1.91
maze160_10_8.mz	160	10	8	32	68	18.8125
maze160_10_9.mz	160	10	9	95	5	13.126315789473685
maze160_20_0.mz	160	20	0	28	72	24.214285714285715
maze160_20_1.mz	160	20	1	94	6	9.425531914893616
maze160_20_2.mz	160	20	2	40	60	18.3
maze160_20_3.mz	160	20	3	70	30	13.528571428571428
maze160_20_4.mz	160	20	4	100	0	0.17
maze160_20_5.mz	160	20	5	100	0	4.58
maze160_20_6.mz	160	20	6	55	45	21.2
maze160_20_7.mz	160	20	7	18	82	21.77777777777778
maze160_20_8.mz	160	20	8	18	82	27.5
maze160_20_9.mz	160	20	9	99	1	7.161616161616162
maze170_5_0.mz	170	5	0	66	34	17.696969696969695
maze170_5_1.mz	170	5	1	74	26	18.66216216216216
maze170_5_2.mz	170	5	2	4	96	34.5
maze170_5_3.mz	170	5	3	32	68	20.34375
maze170_5_4.mz	170	5	4	18	82	24.88888888888889
maze170_5_5.mz	170	5	5	16	84	22.0
maze170_5_6.mz	170	5	6	92	8	14.532608695652174
maze170_5_7.mz	170	5	7	85	15	14.294117647058824
maze170_5_8.mz	170	5	8	11	89	27.636363636363637
maze170_5_9.mz	170	5	9	7	93	25.857142857142858
maze170_10_0.mz	170	10	0	100	0	2.28
maze170_10_1.mz	170	10	1	50	50	17.26
maze170_10_2.mz	170	10	2	40	60	21.425
maze170_10_3.mz	170	10	3	3	97	21.333333333333332
maze170_10_4.mz	170	10	4	100	0	2.21
maze170_10_5.mz	170	10	5	3	97	20.333333333333332
maze170_10_6.mz	170	10	6	100	0	2.32
maze170_10_7.mz	170	10	7	81	19	14.197530864197532
maze170_10_8.mz	170	10	8	78	22	13.73076923076923
maze170_10_9.mz	170	10	9	100	0	1.44
maze180_5_0.mz	180	5	0	12	88	28.083333333333332
maze180_5_1.mz	180	5	1	17	83	24.235294117647058
maze180_5_2.mz	180	5	2	42	58	21.80952380952381
maze180_5_3.mz	180	5	3	17	83	24.235294117647058
maze180_5_4.mz	180	5	4	4	96	21.25
maze180_5_5.mz	180	5	5	3	97	34.333333333333336
maze180_5_6.mz	180	5	6	44	56	20.59090909090909
maze180_5_7.mz	180	5	7	44	56	20.795454545454547
maze180_5_8.mz	180	5	8	1	99	27.0
maze180_5_9.mz	180	5	9	21	79	21.095238095238095
maze180_10_0.mz	180	10	0	25	75	22.84
maze180_10_1.mz	180	10	1	99	1	8.474747474747474
maze180_10_2.mz	180	10	2	62	38	18.596774193548388
maze180_10_3.mz	180	10	3	100	0	4.82
maze180_10_4.mz	180	10	4	70	30	15.728571428571428
maze180_10_5.mz	180	10	5	100	0	5.8
maze180_10_6.mz	180	10	6	100	0	3.94
maze180_10_7.mz	180	10	7	71	29	22.253521126760564
maze180_10_8.mz	180	10	8	97	3	9.474226804123711
maze180_10_9.mz	180	10	9	41	59	26.5609756097561
maze180_15_0.mz	180	15	0	0	100	NaN
maze180_15_1.mz	180	15	1	60	40	17.75
maze180_15_2.mz	180	15	2	17	83	19.0
maze180_15_3.mz	180	15	3	100	0	1.09
maze180_15_4.mz	180	15	4	25	75	20.16
maze180_15_5.mz	180	15	5	100	0	7.3
maze180_15_6.mz	180	15	6	78	22	16.384615384615383
maze180_15_7.mz	180	15	7	98	2	7.887755102040816
maze180_15_8.mz	180	15	8	100	0	0.17
maze180_15_9.mz	180	15	9	100	0	6.97
maze180_20_0.mz	180	20	0	24	76	21.291666666666668
maze180_20_1.mz	180	20	1	46	54	22.717391304347824
maze180_20_2.mz	180	20	2	5	95	22.6
maze180_20_3.mz	180	20	3	5	95	42.2
maze180_20_4.mz	180	20	4	23	77	23.565217391304348
maze180_20_5.mz	180	20	5	71	29	16.028169014084508
maze180_20_6.mz	180	20	6	99	1	3.717171717171717
maze180_20_7.mz	180	20	7	7	93	27.285714285714285
maze180_20_8.mz	180	20	8	1	99	24.0
maze180_20_9.mz	180	20	9	45	55	18.822222222222223
maze190_5_0.mz	190	5	0	9	91	17.0
maze190_5_1.mz	190	5	1	85	15	15.788235294117648
maze190_5_2.mz	190	5	2	22	78	22.954545454545453
maze190_5_3.mz	190	5	3	71	29	16.633802816901408
maze190_5_4.mz	190	5	4	36	64	22.75
maze190_5_5.mz	190	5	5	59	41	23.54237288135593
maze190_5_6.mz	190	5	6	53	47	21.77358490566038
maze190_5_7.mz	190	5	7	30	70	22.866666666666667
maze190_5_8.mz	190	5	8	9	91	20.22222222222222
maze190_5_9.mz	190	5	9	100	0	9.44
maze190_10_0.mz	190	10	0	99	1	5.040404040404041
maze190_10_1.mz	190	10	1	98	2	5.928571428571429
maze190_10_2.mz	190	10	2	56	44	18.714285714285715
maze190_10_3.mz	190	10	3	100	0	7.21
maze190_10_4.mz	190	10	4	0	100	NaN
maze190_10_5.mz	190	10	5	94	6	14.138297872340425
maze190_10_6.mz	190	10	6	13	87	18.923076923076923
maze190_10_7.mz	190	10	7	100	0	0.13
maze190_10_8.mz	190	10	8	2	98	38.5
maze190_10_9.mz	190	10	9	37	63	18.56756756756757
maze200_5_0.mz	200	5	0	0	100	NaN
maze200_5_1.mz	200	5	1	11	89	32.09090909090909
maze200_5_2.mz	200	5	2	26	74	23.423076923076923
maze200_5_3.mz	200	5	3	99	1	6.191919191919192
maze200_5_4.mz	200	5	4	4	96	9.25
maze200_5_5.mz	200	5	5	1	99	3.0
maze200_5_6.mz	200	5	6	39	61	19.58974358974359
maze200_5_7.mz	200	5	7	5	95	29.8
maze200_5_8.mz	200	5	8	2	98	22.5
maze200_5_9.mz	200	5	9	1	99	25.0
maze200_10_0.mz	200	10	0	46	54	21.065217391304348
maze200_10_1.mz	200	10	1	100	0	1.94
maze200_10_2.mz	200	10	2	29	71	22.379310344827587
maze200_10_3.mz	200	10	3	100	0	4.45
maze200_10_4.mz	200	10	4	100	0	3.46
maze200_10_5.mz	200	10	5	0	100	NaN
maze200_10_6.mz	200	10	6	100	0	4.38
maze200_10_7.mz	200	10	7	10	90	27.3
maze200_10_8.mz	200	10	8	100	0	7.12
maze200_10_9.mz	200	10	9	100	0	6.34
maze200_20_0.mz	200	20	0	23	77	25.0
maze200_20_1.mz	200	20	1	88	12	15.931818181818182
maze200_20_2.mz	200	20	2	87	13	10.229885057471265
maze200_20_3.mz	200	20	3	46	54	17.97826086956522
maze200_20_4.mz	200	20	4	98	2	10.755102040816327
maze200_20_5.mz	200	20	5	23	77	30.391304347826086
maze200_20_6.mz	200	20	6	100	0	1.39
maze200_20_7.mz	200	20	7	92	8	12.065217391304348
maze200_20_8.mz	200	20	8	5	95	30.0
maze200_20_9.mz	200	20	9	59	41	20.033898305084747
maze210_5_0.mz	210	5	0	2	98	20.5
maze210_5_1.mz	210	5	1	73	27	20.47945205479452
maze210_5_2.mz	210	5	2	46	54	20.608695652173914
maze210_5_3.mz	210	5	3	10	90	22.0
maze210_5_4.mz	210	5	4	2	98	12.5
maze210_5_5.mz	210	5	5	10	90	24.7
maze210_5_6.mz	210	5	6	6	94	27.0
maze210_5_7.mz	210	5	7	4	96	32.0
maze210_5_8.mz	210	5	8	89	11	14.808988764044944
maze210_5_9.mz	210	5	9	9	91	20.333333333333332
maze210_10_0.mz	210	10	0	91	9	17.043956043956044
maze210_10_1.mz	210	10	1	100	0	6.1
maze210_10_2.mz	210	10	2	22	78	19.40909090909091
maze210_10_3.mz	210	10	3	88	12	12.011363636363637
maze210_10_4.mz	210	10	4	47	53	22.25531914893617
maze210_10_5.mz	210	10	5	10	90	12.8
maze210_10_6.mz	210	10	6	65	35	19.323076923076922
maze210_10_7.mz	210	10	7	95	5	9.063157894736841
maze210_10_8.mz	210	10	8	42	58	22.904761904761905
maze210_10_9.mz	210	10	9	86	14	14.94186046511628
maze210_15_0.mz	210	15	0	27	73	23.555555555555557
maze210_15_1.mz	210	15	1	17	83	18.529411764705884
maze210_15_2.mz	210	15	2	85	15	11.023529411764706
maze210_15_3.mz	210	15	3	79	21	13.810126582278482
maze210_15_4.mz	210	15	4	37	63	24.18918918918919
maze210_15_5.mz	210	15	5	79	21	12.177215189873417
maze210_15_6.mz	210	15	6	100	0	2.5
maze210_15_7.mz	210	15	7	100	0	2.03
maze210_15_8.mz	210	15	8	75	25	14.586666666666666
maze210_15_9.mz	210	15	9	66	34	19.62121212121212
maze220_5_0.mz	220	5	0	15	85	23.4
maze220_5_1.mz	220	5	1	3	97	15.333333333333334
maze220_5_2.mz	220	5	2	9	91	23.444444444444443
maze220_5_3.mz	220	5	3	8	92	26.625
maze220_5_4.mz	220	5	4	11	89	25.181818181818183
maze220_5_5.mz	220	5	5	11	89	23.636363636363637
maze220_5_6.mz	220	5	6	1	99	8.0
maze220_5_7.mz	220	5	7	4	96	13.25
maze220_5_8.mz	220	5	8	2	98	6.5
maze220_5_9.mz	220	5	9	37	63	20.43243243243243
maze220_10_0.mz	220	10	0	42	58	22.071428571428573
maze220_10_1.mz	220	10	1	83	17	13.409638554216867
maze220_10_2.mz	220	10	2	30	70	20.8
maze220_10_3.mz	220	10	3	23	77	25.608695652173914
maze220_10_4.mz	220	10	4	79	21	18.20253164556962
maze220_10_5.mz	220	10	5	78	22	15.58974358974359
maze220_10_6.mz	220	10	6	5	95	29.2
maze220_10_7.mz	220	10	7	100	0	2.47
maze220_10_8.mz	220	10	8	5	95	18.6
maze220_10_9.mz	220	10	9	21	79	24.047619047619047
maze220_20_0.mz	220	20	0	32	68	23.4375
maze220_20_1.mz	220	20	1	100	0	0.01
maze220_20_2.mz	220	20	2	79	21	17.0
maze220_20_3.mz	220	20	3	80	20	14.75
maze220_20_4.mz	220	20	4	100	0	5.83
maze220_20_5.mz	220	20	5	99	1	4.585858585858586
maze220_20_6.mz	220	20	6	100	0	2.7
maze220_20_7.mz	220	20	7	90	10	15.411111111111111
maze220_20_8.mz	220	20	8	95	5	8.578947368421053
maze220_20_9.mz	220	20	9	62	38	17.516129032258064
maze230_5_0.mz	230	5	0	2	98	40.0
maze230_5_1.mz	230	5	1	9	91	39.0
maze230_5_2.mz	230	5	2	52	48	18.076923076923077
maze230_5_3.mz	230	5	3	2	98	17.5
maze230_5_4.mz	230	5	4	48	52	19.520833333333332
maze230_5_5.mz	230	5	5	9	91	17.666666666666668
maze230_5_6.mz	230	5	6	27	73	25.40740740740741
maze230_5_7.mz	230	5	7	0	100	NaN
maze230_5_8.mz	230	5	8	0	100	NaN
maze230_5_9.mz	230	5	9	0	100	NaN
maze230_10_0.mz	230	10	0	41	59	18.5609756097561
maze230_10_1.mz	230	10	1	51	49	23.0
maze230_10_2.mz	230	10	2	16	84	22.1875
maze230_10_3.mz	230	10	3	81	19	13.160493827160494
maze230_10_4.mz	230	10	4	66	34	16.772727272727273
maze230_10_5.mz	230	10	5	45	55	19.133333333333333
maze230_10_6.mz	230	10	6	98	2	6.13265306122449
maze230_10_7.mz	230	10	7	100	0	2.13
maze230_10_8.mz	230	10	8	100	0	3.7
maze230_10_9.mz	230	10	9	8	92	27.5
maze240_5_0.mz	240	5	0	0	100	NaN
maze240_5_1.mz	240	5	1	2	98	24.5
maze240_5_2.mz	240	5	2	4	96	28.5
maze240_5_3.mz	240	5	3	3	97	23.666666666666668
maze240_5_4.mz	240	5	4	0	100	NaN
maze240_5_5.mz	240	5	5	43	57	17.627906976744185
maze240_5_6.mz	240	5	6	52	48	19.423076923076923
maze240_5_7.mz	240	5	7	1	99	11.0
maze240_5_8.mz	240	5	8	42	58	23.38095238095238
maze240_5_9.mz	240	5	9	2	98	14.5
maze240_10_0.mz	240	10	0	1	99	20.0
maze240_10_1.mz	240	10	1	6	94	19.5
maze240_10_2.mz	240	10	2	49	51	21.653061224489797
maze240_10_3.mz	240	10	3	100	0	6.76
maze240_10_4.mz	240	10	4	89	11	13.101123595505618
maze240_10_5.mz	240	10	5	9	91	34.111111111111114
maze240_10_6.mz	240	10	6	59	41	20.305084745762713
maze240_10_7.mz	240	10	7	30	70	23.333333333333332
maze240_10_8.mz	240	10	8	100	0	1.39
maze240_10_9.mz	240	10	9	26	74	25.615384615384617
maze240_15_0.mz	240	15	0	99	1	2.8484848484848486
maze240_15_1.mz	240	15	1	87	13	14.114942528735632
maze240_15_2.mz	240	15	2	69	31	18.028985507246375
maze240_15_3.mz	240	15	3	100	0	1.63
maze240_15_4.mz	240	15	4	8	92	28.875
maze240_15_5.mz	240	15	5	100	0	0.72
maze240_15_6.mz	240	15	6	90	10	13.9
maze240_15_7.mz	240	15	7	12	88	23.5
maze240_15_8.mz	240	15	8	67	33	20.104477611940297
maze240_15_9.mz	240	15	9	63	37	17.825396825396826
maze240_20_0.mz	240	20	0	100	0	4.74
maze240_20_1.mz	240	20	1	99	1	5.101010101010101
maze240_20_2.mz	240	20	2	70	30	18.34285714285714
maze240_20_3.mz	240	20	3	11	89	30.727272727272727
maze240_20_4.mz	240	20	4	29	71	24.75862068965517
maze240_20_5.mz	240	20	5	94	6	9.361702127659575
maze240_20_6.mz	240	20	6	49	51	21.918367346938776
maze240_20_7.mz	240	20	7	69	31	19.217391304347824
maze240_20_8.mz	240	20	8	2	98	25.5
maze240_20_9.mz	240	20	9	37	63	25.54054054054054
maze250_5_0.mz	250	5	0	2	98	9.5
maze250_5_1.mz	250	5	1	0	100	NaN
maze250_5_2.mz	250	5	2	2	98	4.0
maze250_5_3.mz	250	5	3	0	100	NaN
maze250_5_4.mz	250	5	4	28	72	25.25
maze250_5_5.mz	250	5	5	1	99	43.0
maze250_5_6.mz	250	5	6	11	89	26.181818181818183
maze250_5_7.mz	250	5	7	2	98	24.0
maze250_5_8.mz	250	5	8	0	100	NaN
maze250_5_9.mz	250	5	9	44	56	23.704545454545453
maze250_10_0.mz	250	10	0	1	99	19.0
maze250_10_1.mz	250	10	1	99	1	5.646464646464646
maze250_10_2.mz	250	10	2	1	99	15.0
maze250_10_3.mz	250	10	3	23	77	20.26086956521739
maze250_10_4.mz	250	10	4	32	68	20.28125
maze250_10_5.mz	250	10	5	58	42	18.982758620689655
maze250_10_6.mz	250	10	6	82	18	16.536585365853657
maze250_10_7.mz	250	10	7	1	99	44.0
maze250_10_8.mz	250	10	8	5	95	20.2
maze250_10_9.mz	250	10	9	79	21	14.708860759493671
maze260_5_0.mz	260	5	0	2	98	17.5
maze260_5_1.mz	260	5	1	0	100	NaN
maze260_5_2.mz	260	5	2	0	100	NaN
maze260_5_3.mz	260	5	3	12	88	27.166666666666668
maze260_5_4.mz	260	5	4	6	94	32.166666666666664
maze260_5_5.mz	260	5	5	31	69	23.967741935483872
maze260_5_6.mz	260	5	6	25	75	21.4
maze260_5_7.mz	260	5	7	17	83	28.0
maze260_5_8.mz	260	5	8	70	30	15.928571428571429
maze260_5_9.mz	260	5	9	1	99	18.0
maze260_10_0.mz	260	10	0	1	99	47.0
maze260_10_1.mz	260	10	1	3	97	14.666666666666666
maze260_10_2.mz	260	10	2	29	71	22.17241379310345
maze260_10_3.mz	260	10	3	5	95	21.6
maze260_10_4.mz	260	10	4	5	95	12.4
maze260_10_5.mz	260	10	5	77	23	14.38961038961039
maze260_10_6.mz	260	10	6	30	70	22.366666666666667
maze260_10_7.mz	260	10	7	9	91	17.333333333333332
maze260_10_8.mz	260	10	8	0	100	NaN
maze260_10_9.mz	260	10	9	0	100	NaN
maze260_20_0.mz	260	20	0	45	55	17.844444444444445
maze260_20_1.mz	260	20	1	11	89	22.636363636363637
maze260_20_2.mz	260	20	2	39	61	19.641025641025642
maze260_20_3.mz	260	20	3	0	100	NaN
maze260_20_4.mz	260	20	4	84	16	12.80952380952381
maze260_20_5.mz	260	20	5	3	97	35.333333333333336
maze260_20_6.mz	260	20	6	22	78	22.772727272727273
maze260_20_7.mz	260	20	7	37	63	21.91891891891892
maze260_20_8.mz	260	20	8	99	1	7.313131313131313
maze260_20_9.mz	260	20	9	81	19	16.765432098765434
maze270_5_0.mz	270	5	0	3	97	35.333333333333336
maze270_5_1.mz	270	5	1	3	97	22.666666666666668
maze270_5_2.mz	270	5	2	1	99	44.0
maze270_5_3.mz	270	5	3	0	100	NaN
maze270_5_4.mz	270	5	4	4	96	38.0
maze270_5_5.mz	270	5	5	0	100	NaN
maze270_5_6.mz	270	5	6	0	100	NaN
maze270_5_7.mz	270	5	7	9	91	32.0
maze270_5_8.mz	270	5	8	0	100	NaN
maze270_5_9.mz	270	5	9	0	100	NaN
maze270_10_0.mz	270	10	0	2	98	25.0
maze270_10_1.mz	270	10	1	99	1	4.595959595959596
maze270_10_2.mz	270	10	2	53	47	19.547169811320753
maze270_10_3.mz	270	10	3	22	78	23.5
maze270_10_4.mz	270	10	4	19	81	25.894736842105264
maze270_10_5.mz	270	10	5	1	99	17.0
maze270_10_6.mz	270	10	6	9	91	26.0
maze270_10_7.mz	270	10	7	17	83	21.470588235294116
maze270_10_8.mz	270	10	8	31	69	20.774193548387096
maze270_10_9.mz	270	10	9	2	98	21.0
maze270_15_0.mz	270	15	0	57	43	14.473684210526315
maze270_15_1.mz	270	15	1	34	66	24.852941176470587
maze270_15_2.mz	270	15	2	100	0	3.11
maze270_15_3.mz	270	15	3	1	99	27.0
maze270_15_4.mz	270	15	4	74	26	16.216216216216218
maze270_15_5.mz	270	15	5	24	76	24.458333333333332
maze270_15_6.mz	270	15	6	7	93	24.857142857142858
maze270_15_7.mz	270	15	7	3	97	22.0
maze270_15_8.mz	270	15	8	90	10	11.6
maze270_15_9.mz	270	15	9	28	72	24.571428571428573
maze280_5_0.mz	280	5	0	0	100	NaN
maze280_5_1.mz	280	5	1	6	94	17.0
maze280_5_2.mz	280	5	2	0	100	NaN
maze280_5_3.mz	280	5	3	3	97	30.0
maze280_5_4.mz	280	5	4	0	100	NaN
maze280_5_5.mz	280	5	5	1	99	20.0
maze280_5_6.mz	280	5	6	5	95	20.6
maze280_5_7.mz	280	5	7	25	75	25.32
maze280_5_8.mz	280	5	8	4	96	29.5
maze280_5_9.mz	280	5	9	0	100	NaN
maze280_10_0.mz	280	10	0	45	55	20.0
maze280_10_1.mz	280	10	1	83	17	15.204819277108435
maze280_10_2.mz	280	10	2	3	97	9.666666666666666
maze280_10_3.mz	280	10	3	34	66	22.147058823529413
maze280_10_4.mz	280	10	4	7	93	28.428571428571427
maze280_10_5.mz	280	10	5	21	79	22.19047619047619
maze280_10_6.mz	280	10	6	30	70	25.333333333333332
maze280_10_7.mz	280	10	7	3	97	21.333333333333332
maze280_10_8.mz	280	10	8	4	96	24.25
maze280_10_9.mz	280	10	9	14	86	31.142857142857142
maze280_20_0.mz	280	20	0	2	98	19.0
maze280_20_1.mz	280	20	1	16	84	26.9375
maze280_20_2.mz	280	20	2	100	0	5.05
maze280_20_3.mz	280	20	3	6	94	22.166666666666668
maze280_20_4.mz	280	20	4	2	98	8.0
maze280_20_5.mz	280	20	5	100	0	4.91
maze280_20_6.mz	280	20	6	18	82	22.11111111111111
maze280_20_7.mz	280	20	7	0	100	NaN
maze280_20_8.mz	280	20	8	4	96	29.75
maze280_20_9.mz	280	20	9	100	0	0.93
maze290_5_0.mz	290	5	0	0	100	NaN
maze290_5_1.mz	290	5	1	0	100	NaN
maze290_5_2.mz	290	5	2	0	100	NaN
maze290_5_3.mz	290	5	3	2	98	21.0
maze290_5_4.mz	290	5	4	2	98	23.0
maze290_5_5.mz	290	5	5	1	99	20.0
maze290_5_6.mz	290	5	6	0	100	NaN
maze290_5_7.mz	290	5	7	75	25	19.133333333333333
maze290_5_8.mz	290	5	8	1	99	30.0
maze290_5_9.mz	290	5	9	0	100	NaN
maze290_10_0.mz	290	10	0	39	61	20.897435897435898
maze290_10_1.mz	290	10	1	32	68	16.65625
maze290_10_2.mz	290	10	2	19	81	25.473684210526315
maze290_10_3.mz	290	10	3	33	67	20.818181818181817
maze290_10_4.mz	290	10	4	8	92	31.5
maze290_10_5.mz	290	10	5	76	24	12.407894736842104
maze290_10_6.mz	290	10	6	2	98	29.0
maze290_10_7.mz	290	10	7	84	16	16.178571428571427
maze290_10_8.mz	290	10	8	37	63	20.27027027027027
maze290_10_9.mz	290	10	9	73	27	20.863013698630137
maze300_5_0.mz	300	5	0	0	100	NaN
maze300_5_1.mz	300	5	1	16	84	23.9375
maze300_5_2.mz	300	5	2	0	100	NaN
maze300_5_3.mz	300	5	3	0	100	NaN
maze300_5_4.mz	300	5	4	0	100	NaN
maze300_5_5.mz	300	5	5	0	100	NaN
maze300_5_6.mz	300	5	6	0	100	NaN
maze300_5_7.mz	300	5	7	0	100	NaN
maze300_5_8.mz	300	5	8	0	100	NaN
maze300_5_9.mz	300	5	9	0	100	NaN
maze300_10_0.mz	300	10	0	33	67	19.939393939393938
maze300_10_1.mz	300	10	1	82	18	13.512195121951219
maze300_10_2.mz	300	10	2	1	99	6.0
maze300_10_3.mz	300	10	3	85	15	14.6
maze300_10_4.mz	300	10	4	5	95	32.2
maze300_10_5.mz	300	10	5	15	85	18.333333333333332
maze300_10_6.mz	300	10	6	12	88	31.333333333333332
maze300_10_7.mz	300	10	7	32	68	23.0625
maze300_10_8.mz	300	10	8	100	0	0.81
maze300_10_9.mz	300	10	9	10	90	19.9
maze300_15_0.mz	300	15	0	39	61	19.82051282051282
maze300_15_1.mz	300	15	1	82	18	14.304878048780488
maze300_15_2.mz	300	15	2	99	1	3.0606060606060606
maze300_15_3.mz	300	15	3	11	89	26.09090909090909
maze300_15_4.mz	300	15	4	17	83	25.764705882352942
maze300_15_5.mz	300	15	5	1	99	30.0
maze300_15_6.mz	300	15	6	98	2	8.908163265306122
maze300_15_7.mz	300	15	7	61	39	17.37704918032787
maze300_15_8.mz	300	15	8	91	9	15.10989010989011
maze300_15_9.mz	300	15	9	3	97	8.666666666666666
maze300_20_0.mz	300	20	0	99	1	5.97979797979798
maze300_20_1.mz	300	20	1	32	68	19.75
maze300_20_2.mz	300	20	2	3	97	37.666666666666664
maze300_20_3.mz	300	20	3	43	57	21.27906976744186
maze300_20_4.mz	300	20	4	12	88	17.0
maze300_20_5.mz	300	20	5	54	46	16.59259259259259
maze300_20_6.mz	300	20	6	17	83	22.470588235294116
maze300_20_7.mz	300	20	7	99	1	6.696969696969697
maze300_20_8.mz	300	20	8	10	90	24.5
maze300_20_9.mz	300	20	9	21	79	23.80952380952381
maze310_5_0.mz	310	5	0	0	100	NaN
maze310_5_1.mz	310	5	1	1	99	41.0
maze310_5_2.mz	310	5	2	0	100	NaN
maze310_5_3.mz	310	5	3	2	98	27.0
maze310_5_4.mz	310	5	4	0	100	NaN
maze310_5_5.mz	310	5	5	0	100	NaN
maze310_5_6.mz	310	5	6	1	99	37.0
maze310_5_7.mz	310	5	7	0	100	NaN
maze310_5_8.mz	310	5	8	5	95	17.4
maze310_5_9.mz	310	5	9	32	68	19.59375
maze310_10_0.mz	310	10	0	9	91	30.666666666666668
maze310_10_1.mz	310	10	1	1	99	38.0
maze310_10_2.mz	310	10	2	5	95	18.2
maze310_10_3.mz	310	10	3	18	82	26.11111111111111
maze310_10_4.mz	310	10	4	1	99	19.0
maze310_10_5.mz	310	10	5	83	17	16.72289156626506
maze310_10_6.mz	310	10	6	0	100	NaN
maze310_10_7.mz	310	10	7	16	84	29.75
maze310_10_8.mz	310	10	8	1	99	33.0
maze310_10_9.mz	310	10	9	0	100	NaN
maze320_5_0.mz	320	5	0	0	100	NaN
maze320_5_1.mz	320	5	1	2	98	14.5
maze320_5_2.mz	320	5	2	0	100	NaN
maze320_5_3.mz	320	5	3	0	100	NaN
maze320_5_4.mz	320	5	4	0	100	NaN
maze320_5_5.mz	320	5	5	0	100	NaN
maze320_5_6.mz	320	5	6	0	100	NaN
maze320_5_7.mz	320	5	7	0	100	NaN
maze320_5_8.mz	320	5	8	0	100	NaN
maze320_5_9.mz	320	5	9	1	99	14.0
maze320_10_0.mz	320	10	0	0	100	NaN
maze320_10_1.mz	320	10	1	0	100	NaN
maze320_10_2.mz	320	10	2	34	66	19.58823529411765
maze320_10_3.mz	320	10	3	1	99	17.0
maze320_10_4.mz	320	10	4	0	100	NaN
maze320_10_5.mz	320	10	5	3	97	23.0
maze320_10_6.mz	320	10	6	18	82	24.944444444444443
maze320_10_7.mz	320	10	7	1	99	27.0
maze320_10_8.mz	320	10	8	2	98	39.0
maze320_10_9.mz	320	10	9	25	75	23.84
maze320_20_0.mz	320	20	0	67	33	16.70149253731343
maze320_20_1.mz	320	20	1	23	77	21.130434782608695
maze320_20_2.mz	320	20	2	86	14	13.988372093023257
maze320_20_3.mz	320	20	3	98	2	7.387755102040816
maze320_20_4.mz	320	20	4	99	1	7.656565656565657
maze320_20_5.mz	320	20	5	0	100	NaN
maze320_20_6.mz	320	20	6	92	8	9.51086956521739
maze320_20_7.mz	320	20	7	74	26	14.256756756756756
maze320_20_8.mz	320	20	8	34	66	23.970588235294116
maze320_20_9.mz	320	20	9	100	0	4.48
maze330_5_0.mz	330	5	0	0	100	NaN
maze330_5_1.mz	330	5	1	0	100	NaN
maze330_5_2.mz	330	5	2	0	100	NaN
maze330_5_3.mz	330	5	3	0	100	NaN
maze330_5_4.mz	330	5	4	1	99	21.0
maze330_5_5.mz	330	5	5	1	99	16.0
maze330_5_6.mz	330	5	6	0	100	NaN
maze330_5_7.mz	330	5	7	1	99	20.0
