Mode XML Parameters
ACO
maxNumIterations	50
pheromonesEvaporationRate	0.65
alpha	0.85
beta	0.85
numberOfAnts	20
GA
geneType	Simple
maxNumIterations	1
eliteNumber	0
mutationRate	0
crossoverRate	0
EVA
acoImportance	1
agImportance	0
Maze	dimension	col	#	#ok	#no	avg ok
maze20_5_0.mz	20	5	0	97	3	0.5567010309278351
maze20_5_1.mz	20	5	1	99	1	1.101010101010101
maze20_5_2.mz	20	5	2	100	0	1.0
maze20_5_3.mz	20	5	3	92	8	3.097826086956522
maze20_5_4.mz	20	5	4	100	0	0.45
maze20_5_5.mz	20	5	5	96	4	0.16666666666666666
maze20_5_6.mz	20	5	6	86	14	7.3023255813953485
maze20_5_7.mz	20	5	7	100	0	0.16
maze20_5_8.mz	20	5	8	98	2	0.16326530612244897
maze20_5_9.mz	20	5	9	93	7	2.6236559139784945
maze20_10_0.mz	20	10	0	100	0	0.41
maze20_10_1.mz	20	10	1	100	0	0.46
maze20_10_2.mz	20	10	2	95	5	3.694736842105263
maze20_10_3.mz	20	10	3	100	0	0.04
maze20_10_4.mz	20	10	4	99	1	1.5151515151515151
maze20_10_5.mz	20	10	5	87	13	3.632183908045977
maze20_10_6.mz	20	10	6	97	3	2.6907216494845363
maze20_10_7.mz	20	10	7	98	2	0.46938775510204084
maze20_10_8.mz	20	10	8	97	3	2.948453608247423
maze20_10_9.mz	20	10	9	100	0	0.52
maze30_5_0.mz	30	5	0	93	7	2.3763440860215055
maze30_5_1.mz	30	5	1	85	15	6.435294117647059
maze30_5_2.mz	30	5	2	79	21	6.670886075949367
maze30_5_3.mz	30	5	3	98	2	0.7755102040816326
maze30_5_4.mz	30	5	4	99	1	1.1717171717171717
maze30_5_5.mz	30	5	5	90	10	3.7888888888888888
maze30_5_6.mz	30	5	6	96	4	1.9791666666666667
maze30_5_7.mz	30	5	7	93	7	1.978494623655914
maze30_5_8.mz	30	5	8	94	6	4.457446808510638
maze30_5_9.mz	30	5	9	96	4	2.4583333333333335
maze30_10_0.mz	30	10	0	100	0	0.63
maze30_10_1.mz	30	10	1	100	0	0.09
maze30_10_2.mz	30	10	2	79	21	3.2278481012658227
maze30_10_3.mz	30	10	3	97	3	2.381443298969072
maze30_10_4.mz	30	10	4	100	0	0.03
maze30_10_5.mz	30	10	5	98	2	0.8673469387755102
maze30_10_6.mz	30	10	6	94	6	2.6808510638297873
maze30_10_7.mz	30	10	7	80	20	4.1125
maze30_10_8.mz	30	10	8	90	10	5.4222222222222225
maze30_10_9.mz	30	10	9	97	3	1.288659793814433
maze30_15_0.mz	30	15	0	100	0	0.23
maze30_15_1.mz	30	15	1	100	0	1.13
maze30_15_2.mz	30	15	2	99	1	0.9191919191919192
maze30_15_3.mz	30	15	3	97	3	3.329896907216495
maze30_15_4.mz	30	15	4	90	10	3.411111111111111
maze30_15_5.mz	30	15	5	92	8	3.739130434782609
maze30_15_6.mz	30	15	6	90	10	3.6333333333333333
maze30_15_7.mz	30	15	7	98	2	0.8469387755102041
maze30_15_8.mz	30	15	8	89	11	5.280898876404494
maze30_15_9.mz	30	15	9	86	14	9.244186046511627
maze40_5_0.mz	40	5	0	64	36	8.734375
maze40_5_1.mz	40	5	1	68	32	6.0588235294117645
maze40_5_2.mz	40	5	2	100	0	1.04
maze40_5_3.mz	40	5	3	99	1	1.0303030303030303
maze40_5_4.mz	40	5	4	93	7	2.6129032258064515
maze40_5_5.mz	40	5	5	94	6	4.776595744680851
maze40_5_6.mz	40	5	6	89	11	5.707865168539326
maze40_5_7.mz	40	5	7	85	15	5.352941176470588
maze40_5_8.mz	40	5	8	99	1	1.2828282828282829
maze40_5_9.mz	40	5	9	100	0	2.23
maze40_10_0.mz	40	10	0	91	9	5.857142857142857
maze40_10_1.mz	40	10	1	99	1	3.4646464646464645
maze40_10_2.mz	40	10	2	99	1	1.202020202020202
maze40_10_3.mz	40	10	3	95	5	3.305263157894737
maze40_10_4.mz	40	10	4	95	5	4.031578947368421
maze40_10_5.mz	40	10	5	96	4	2.8541666666666665
maze40_10_6.mz	40	10	6	91	9	2.5714285714285716
maze40_10_7.mz	40	10	7	89	11	3.0
maze40_10_8.mz	40	10	8	87	13	5.804597701149425
maze40_10_9.mz	40	10	9	93	7	1.6344086021505377
maze40_20_0.mz	40	20	0	74	26	7.513513513513513
maze40_20_1.mz	40	20	1	76	24	8.421052631578947
maze40_20_2.mz	40	20	2	91	9	4.428571428571429
maze40_20_3.mz	40	20	3	93	7	4.043010752688172
maze40_20_4.mz	40	20	4	65	35	9.63076923076923
maze40_20_5.mz	40	20	5	91	9	4.21978021978022
maze40_20_6.mz	40	20	6	99	1	2.313131313131313
maze40_20_7.mz	40	20	7	98	2	1.0408163265306123
maze40_20_8.mz	40	20	8	95	5	1.7789473684210526
maze40_20_9.mz	40	20	9	84	16	6.154761904761905
maze50_5_0.mz	50	5	0	73	27	4.712328767123288
maze50_5_1.mz	50	5	1	82	18	6.158536585365853
maze50_5_2.mz	50	5	2	75	25	9.693333333333333
maze50_5_3.mz	50	5	3	77	23	4.415584415584416
maze50_5_4.mz	50	5	4	100	0	0.02
maze50_5_5.mz	50	5	5	74	26	5.121621621621622
maze50_5_6.mz	50	5	6	91	9	3.3076923076923075
maze50_5_7.mz	50	5	7	67	33	5.791044776119403
maze50_5_8.mz	50	5	8	60	40	13.366666666666667
maze50_5_9.mz	50	5	9	75	25	6.653333333333333
maze50_10_0.mz	50	10	0	69	31	10.478260869565217
maze50_10_1.mz	50	10	1	92	8	2.6630434782608696
maze50_10_2.mz	50	10	2	88	12	2.8181818181818183
maze50_10_3.mz	50	10	3	82	18	5.597560975609756
maze50_10_4.mz	50	10	4	99	1	1.8383838383838385
maze50_10_5.mz	50	10	5	92	8	2.989130434782609
maze50_10_6.mz	50	10	6	100	0	1.68
maze50_10_7.mz	50	10	7	92	8	3.0217391304347827
maze50_10_8.mz	50	10	8	50	50	8.6
maze50_10_9.mz	50	10	9	83	17	4.72289156626506
maze60_5_0.mz	60	5	0	86	14	7.1976744186046515
maze60_5_1.mz	60	5	1	90	10	4.566666666666666
maze60_5_2.mz	60	5	2	83	17	4.192771084337349
maze60_5_3.mz	60	5	3	56	44	10.732142857142858
maze60_5_4.mz	60	5	4	99	1	0.7070707070707071
maze60_5_5.mz	60	5	5	83	17	5.951807228915663
maze60_5_6.mz	60	5	6	97	3	1.8762886597938144
maze60_5_7.mz	60	5	7	58	42	10.96551724137931
maze60_5_8.mz	60	5	8	81	19	5.9753086419753085
maze60_5_9.mz	60	5	9	96	4	1.6770833333333333
maze60_10_0.mz	60	10	0	88	12	5.625
maze60_10_1.mz	60	10	1	71	29	9.67605633802817
maze60_10_2.mz	60	10	2	92	8	4.163043478260869
maze60_10_3.mz	60	10	3	87	13	4.045977011494253
maze60_10_4.mz	60	10	4	97	3	1.041237113402062
maze60_10_5.mz	60	10	5	65	35	8.815384615384616
maze60_10_6.mz	60	10	6	80	20	6.725
maze60_10_7.mz	60	10	7	87	13	3.3908045977011496
maze60_10_8.mz	60	10	8	72	28	6.833333333333333
maze60_10_9.mz	60	10	9	84	16	4.488095238095238
maze60_15_0.mz	60	15	0	88	12	5.943181818181818
maze60_15_1.mz	60	15	1	62	38	11.241935483870968
maze60_15_2.mz	60	15	2	92	8	3.597826086956522
maze60_15_3.mz	60	15	3	97	3	2.0
maze60_15_4.mz	60	15	4	92	8	3.032608695652174
maze60_15_5.mz	60	15	5	60	40	10.733333333333333
maze60_15_6.mz	60	15	6	50	50	11.42
maze60_15_7.mz	60	15	7	100	0	0.38
maze60_15_8.mz	60	15	8	81	19	6.851851851851852
maze60_15_9.mz	60	15	9	72	28	9.333333333333334
maze60_20_0.mz	60	20	0	98	2	1.7040816326530612
maze60_20_1.mz	60	20	1	86	14	7.465116279069767
maze60_20_2.mz	60	20	2	51	49	7.921568627450981
maze60_20_3.mz	60	20	3	96	4	1.9270833333333333
maze60_20_4.mz	60	20	4	69	31	9.507246376811594
maze60_20_5.mz	60	20	5	89	11	3.460674157303371
maze60_20_6.mz	60	20	6	62	38	8.596774193548388
maze60_20_7.mz	60	20	7	77	23	8.25974025974026
maze60_20_8.mz	60	20	8	66	34	11.43939393939394
maze60_20_9.mz	60	20	9	79	21	6.113924050632911
maze70_5_0.mz	70	5	0	75	25	8.56
maze70_5_1.mz	70	5	1	83	17	3.397590361445783
maze70_5_2.mz	70	5	2	87	13	5.942528735632184
maze70_5_3.mz	70	5	3	80	20	7.1
maze70_5_4.mz	70	5	4	90	10	3.566666666666667
maze70_5_5.mz	70	5	5	55	45	12.254545454545454
maze70_5_6.mz	70	5	6	100	0	0.88
maze70_5_7.mz	70	5	7	81	19	7.617283950617284
maze70_5_8.mz	70	5	8	73	27	7.890410958904109
maze70_5_9.mz	70	5	9	30	70	12.166666666666666
maze70_10_0.mz	70	10	0	78	22	6.82051282051282
maze70_10_1.mz	70	10	1	93	7	3.924731182795699
maze70_10_2.mz	70	10	2	78	22	6.730769230769231
maze70_10_3.mz	70	10	3	93	7	2.7204301075268815
maze70_10_4.mz	70	10	4	63	37	7.746031746031746
maze70_10_5.mz	70	10	5	78	22	4.6923076923076925
maze70_10_6.mz	70	10	6	97	3	0.7422680412371134
maze70_10_7.mz	70	10	7	97	3	2.0927835051546393
maze70_10_8.mz	70	10	8	96	4	2.90625
maze70_10_9.mz	70	10	9	81	19	7.716049382716049
maze80_5_0.mz	80	5	0	76	24	4.644736842105263
maze80_5_1.mz	80	5	1	87	13	5.114942528735632
maze80_5_2.mz	80	5	2	79	21	6.050632911392405
maze80_5_3.mz	80	5	3	53	47	9.924528301886792
maze80_5_4.mz	80	5	4	98	2	2.6020408163265305
maze80_5_5.mz	80	5	5	59	41	11.203389830508474
maze80_5_6.mz	80	5	6	61	39	11.557377049180328
maze80_5_7.mz	80	5	7	56	44	15.035714285714286
maze80_5_8.mz	80	5	8	77	23	5.454545454545454
maze80_5_9.mz	80	5	9	65	35	13.507692307692308
maze80_10_0.mz	80	10	0	15	85	13.4
maze80_10_1.mz	80	10	1	75	25	7.32
maze80_10_2.mz	80	10	2	96	4	2.6770833333333335
maze80_10_3.mz	80	10	3	87	13	4.896551724137931
maze80_10_4.mz	80	10	4	69	31	8.434782608695652
maze80_10_5.mz	80	10	5	91	9	4.010989010989011
maze80_10_6.mz	80	10	6	37	63	13.297297297297296
maze80_10_7.mz	80	10	7	95	5	1.3473684210526315
maze80_10_8.mz	80	10	8	89	11	3.898876404494382
maze80_10_9.mz	80	10	9	63	37	11.80952380952381
maze80_20_0.mz	80	20	0	79	21	6.89873417721519
maze80_20_1.mz	80	20	1	36	64	13.61111111111111
maze80_20_2.mz	80	20	2	90	10	2.577777777777778
maze80_20_3.mz	80	20	3	65	35	13.553846153846154
maze80_20_4.mz	80	20	4	85	15	6.129411764705883
maze80_20_5.mz	80	20	5	80	20	9.15
maze80_20_6.mz	80	20	6	66	34	9.045454545454545
maze80_20_7.mz	80	20	7	33	67	16.393939393939394
maze80_20_8.mz	80	20	8	61	39	13.01639344262295
maze80_20_9.mz	80	20	9	23	77	19.869565217391305
maze90_5_0.mz	90	5	0	55	45	12.49090909090909
maze90_5_1.mz	90	5	1	3	97	23.333333333333332
maze90_5_2.mz	90	5	2	70	30	10.442857142857143
maze90_5_3.mz	90	5	3	40	60	9.05
maze90_5_4.mz	90	5	4	80	20	6.6375
maze90_5_5.mz	90	5	5	78	22	7.833333333333333
maze90_5_6.mz	90	5	6	93	7	3.3548387096774195
maze90_5_7.mz	90	5	7	61	39	12.918032786885245
maze90_5_8.mz	90	5	8	54	46	7.814814814814815
maze90_5_9.mz	90	5	9	24	76	15.333333333333334
maze90_10_0.mz	90	10	0	92	8	3.641304347826087
maze90_10_1.mz	90	10	1	90	10	3.911111111111111
maze90_10_2.mz	90	10	2	96	4	4.15625
maze90_10_3.mz	90	10	3	77	23	7.714285714285714
maze90_10_4.mz	90	10	4	76	24	9.052631578947368
maze90_10_5.mz	90	10	5	47	53	14.0
maze90_10_6.mz	90	10	6	97	3	1.3195876288659794
maze90_10_7.mz	90	10	7	79	21	8.481012658227849
maze90_10_8.mz	90	10	8	63	37	8.714285714285714
maze90_10_9.mz	90	10	9	44	56	11.909090909090908
maze90_15_0.mz	90	15	0	93	7	3.032258064516129
maze90_15_1.mz	90	15	1	91	9	3.2967032967032965
maze90_15_2.mz	90	15	2	88	12	3.9204545454545454
maze90_15_3.mz	90	15	3	83	17	7.0120481927710845
maze90_15_4.mz	90	15	4	91	9	6.175824175824176
maze90_15_5.mz	90	15	5	74	26	8.135135135135135
maze90_15_6.mz	90	15	6	15	85	20.266666666666666
maze90_15_7.mz	90	15	7	88	12	5.511363636363637
maze90_15_8.mz	90	15	8	90	10	2.4444444444444446
maze90_15_9.mz	90	15	9	93	7	4.795698924731183
maze100_5_0.mz	100	5	0	40	60	9.225
maze100_5_1.mz	100	5	1	37	63	15.18918918918919
maze100_5_2.mz	100	5	2	14	86	21.857142857142858
maze100_5_3.mz	100	5	3	56	44	11.642857142857142
maze100_5_4.mz	100	5	4	64	36	9.671875
maze100_5_5.mz	100	5	5	94	6	3.5
maze100_5_6.mz	100	5	6	63	37	9.26984126984127
maze100_5_7.mz	100	5	7	37	63	18.675675675675677
maze100_5_8.mz	100	5	8	73	27	7.342465753424658
maze100_5_9.mz	100	5	9	25	75	15.28
maze100_10_0.mz	100	10	0	83	17	6.481927710843373
maze100_10_1.mz	100	10	1	73	27	5.178082191780822
maze100_10_2.mz	100	10	2	59	41	9.135593220338983
maze100_10_3.mz	100	10	3	78	22	6.282051282051282
maze100_10_4.mz	100	10	4	96	4	0.8854166666666666
maze100_10_5.mz	100	10	5	93	7	4.731182795698925
maze100_10_6.mz	100	10	6	94	6	3.0425531914893615
maze100_10_7.mz	100	10	7	16	84	21.5625
maze100_10_8.mz	100	10	8	97	3	3.7731958762886597
maze100_10_9.mz	100	10	9	19	81	17.36842105263158
maze100_20_0.mz	100	20	0	96	4	1.5520833333333333
maze100_20_1.mz	100	20	1	42	58	14.0
maze100_20_2.mz	100	20	2	49	51	12.346938775510203
maze100_20_3.mz	100	20	3	70	30	8.6
maze100_20_4.mz	100	20	4	49	51	12.122448979591837
maze100_20_5.mz	100	20	5	42	58	16.30952380952381
maze100_20_6.mz	100	20	6	40	60	16.0
maze100_20_7.mz	100	20	7	50	50	13.08
maze100_20_8.mz	100	20	8	98	2	0.6836734693877551
maze100_20_9.mz	100	20	9	27	73	15.296296296296296
maze110_5_0.mz	110	5	0	25	75	17.32
maze110_5_1.mz	110	5	1	67	33	8.492537313432836
maze110_5_2.mz	110	5	2	40	60	14.975
maze110_5_3.mz	110	5	3	32	68	18.125
maze110_5_4.mz	110	5	4	40	60	13.45
maze110_5_5.mz	110	5	5	61	39	11.180327868852459
maze110_5_6.mz	110	5	6	85	15	7.894117647058824
maze110_5_7.mz	110	5	7	25	75	18.6
maze110_5_8.mz	110	5	8	45	55	9.444444444444445
maze110_5_9.mz	110	5	9	64	36	8.984375
maze110_10_0.mz	110	10	0	94	6	1.1808510638297873
maze110_10_1.mz	110	10	1	70	30	7.3
maze110_10_2.mz	110	10	2	89	11	5.393258426966292
maze110_10_3.mz	110	10	3	67	33	7.358208955223881
maze110_10_4.mz	110	10	4	7	93	11.0
maze110_10_5.mz	110	10	5	88	12	5.2727272727272725
maze110_10_6.mz	110	10	6	65	35	7.7384615384615385
maze110_10_7.mz	110	10	7	42	58	15.0
maze110_10_8.mz	110	10	8	61	39	9.491803278688524
maze110_10_9.mz	110	10	9	46	54	15.782608695652174
maze120_5_0.mz	120	5	0	1	99	37.0
maze120_5_1.mz	120	5	1	36	64	13.11111111111111
maze120_5_2.mz	120	5	2	15	85	19.866666666666667
maze120_5_3.mz	120	5	3	39	61	13.23076923076923
maze120_5_4.mz	120	5	4	76	24	7.2631578947368425
maze120_5_5.mz	120	5	5	41	59	14.390243902439025
maze120_5_6.mz	120	5	6	44	56	14.909090909090908
maze120_5_7.mz	120	5	7	39	61	12.923076923076923
maze120_5_8.mz	120	5	8	51	49	13.03921568627451
maze120_5_9.mz	120	5	9	73	27	7.109589041095891
maze120_10_0.mz	120	10	0	84	16	4.5476190476190474
maze120_10_1.mz	120	10	1	59	41	12.033898305084746
maze120_10_2.mz	120	10	2	74	26	9.135135135135135
maze120_10_3.mz	120	10	3	89	11	3.49438202247191
maze120_10_4.mz	120	10	4	90	10	7.155555555555556
maze120_10_5.mz	120	10	5	83	17	6.710843373493976
maze120_10_6.mz	120	10	6	83	17	5.819277108433735
maze120_10_7.mz	120	10	7	93	7	2.139784946236559
maze120_10_8.mz	120	10	8	28	72	16.142857142857142
maze120_10_9.mz	120	10	9	84	16	7.404761904761905
maze120_15_0.mz	120	15	0	80	20	5.4375
maze120_15_1.mz	120	15	1	52	48	8.596153846153847
maze120_15_2.mz	120	15	2	65	35	10.738461538461538
maze120_15_3.mz	120	15	3	90	10	3.3444444444444446
maze120_15_4.mz	120	15	4	97	3	3.2783505154639174
maze120_15_5.mz	120	15	5	47	53	9.382978723404255
maze120_15_6.mz	120	15	6	74	26	7.135135135135135
maze120_15_7.mz	120	15	7	58	42	13.10344827586207
maze120_15_8.mz	120	15	8	40	60	15.15
maze120_15_9.mz	120	15	9	22	78	15.863636363636363
maze120_20_0.mz	120	20	0	74	26	7.1891891891891895
maze120_20_1.mz	120	20	1	78	22	6.243589743589744
maze120_20_2.mz	120	20	2	83	17	4.662650602409639
maze120_20_3.mz	120	20	3	48	52	12.604166666666666
maze120_20_4.mz	120	20	4	25	75	20.56
maze120_20_5.mz	120	20	5	72	28	8.972222222222221
maze120_20_6.mz	120	20	6	31	69	19.225806451612904
maze120_20_7.mz	120	20	7	24	76	16.791666666666668
maze120_20_8.mz	120	20	8	49	51	10.306122448979592
maze120_20_9.mz	120	20	9	55	45	6.909090909090909
maze130_5_0.mz	130	5	0	45	55	12.133333333333333
maze130_5_1.mz	130	5	1	97	3	2.670103092783505
maze130_5_2.mz	130	5	2	60	40	7.45
maze130_5_3.mz	130	5	3	10	90	20.6
maze130_5_4.mz	130	5	4	61	39	9.39344262295082
maze130_5_5.mz	130	5	5	79	21	7.025316455696203
maze130_5_6.mz	130	5	6	67	33	10.492537313432836
maze130_5_7.mz	130	5	7	85	15	5.541176470588235
maze130_5_8.mz	130	5	8	18	82	17.77777777777778
maze130_5_9.mz	130	5	9	15	85	14.8
maze130_10_0.mz	130	10	0	72	28	8.902777777777779
maze130_10_1.mz	130	10	1	80	20	6.5875
maze130_10_2.mz	130	10	2	66	34	10.287878787878787
maze130_10_3.mz	130	10	3	90	10	3.011111111111111
maze130_10_4.mz	130	10	4	89	11	2.662921348314607
maze130_10_5.mz	130	10	5	82	18	6.7926829268292686
maze130_10_6.mz	130	10	6	56	44	13.339285714285714
maze130_10_7.mz	130	10	7	91	9	6.0
maze130_10_8.mz	130	10	8	50	50	9.7
maze130_10_9.mz	130	10	9	82	18	7.841463414634147
maze140_5_0.mz	140	5	0	19	81	19.36842105263158
maze140_5_1.mz	140	5	1	51	49	10.137254901960784
maze140_5_2.mz	140	5	2	67	33	11.522388059701493
maze140_5_3.mz	140	5	3	30	70	17.9
maze140_5_4.mz	140	5	4	63	37	10.333333333333334
maze140_5_5.mz	140	5	5	56	44	13.785714285714286
maze140_5_6.mz	140	5	6	39	61	13.23076923076923
maze140_5_7.mz	140	5	7	11	89	17.363636363636363
maze140_5_8.mz	140	5	8	53	47	11.735849056603774
maze140_5_9.mz	140	5	9	49	51	10.26530612244898
maze140_10_0.mz	140	10	0	9	91	23.88888888888889
maze140_10_1.mz	140	10	1	98	2	3.438775510204082
maze140_10_2.mz	140	10	2	94	6	5.3936170212765955
maze140_10_3.mz	140	10	3	39	61	18.564102564102566
maze140_10_4.mz	140	10	4	19	81	20.526315789473685
maze140_10_5.mz	140	10	5	82	18	5.390243902439025
maze140_10_6.mz	140	10	6	20	80	15.5
maze140_10_7.mz	140	10	7	93	7	4.387096774193548
maze140_10_8.mz	140	10	8	79	21	6.772151898734177
maze140_10_9.mz	140	10	9	76	24	7.315789473684211
maze140_20_0.mz	140	20	0	47	53	11.361702127659575
maze140_20_1.mz	140	20	1	25	75	19.52
maze140_20_2.mz	140	20	2	35	65	16.82857142857143
maze140_20_3.mz	140	20	3	38	62	14.763157894736842
maze140_20_4.mz	140	20	4	46	54	13.76086956521739
maze140_20_5.mz	140	20	5	96	4	4.395833333333333
maze140_20_6.mz	140	20	6	28	72	11.285714285714286
maze140_20_7.mz	140	20	7	54	46	12.981481481481481
maze140_20_8.mz	140	20	8	28	72	14.25
maze140_20_9.mz	140	20	9	58	42	13.758620689655173
maze150_5_0.mz	150	5	0	21	79	17.428571428571427
maze150_5_1.mz	150	5	1	65	35	11.492307692307692
maze150_5_2.mz	150	5	2	11	89	23.727272727272727
maze150_5_3.mz	150	5	3	48	52	10.3125
maze150_5_4.mz	150	5	4	1	99	23.0
maze150_5_5.mz	150	5	5	68	32	8.985294117647058
maze150_5_6.mz	150	5	6	17	83	18.470588235294116
maze150_5_7.mz	150	5	7	0	100	NaN
maze150_5_8.mz	150	5	8	39	61	17.794871794871796
maze150_5_9.mz	150	5	9	14	86	21.857142857142858
maze150_10_0.mz	150	10	0	59	41	11.389830508474576
maze150_10_1.mz	150	10	1	15	85	21.733333333333334
maze150_10_2.mz	150	10	2	19	81	16.105263157894736
maze150_10_3.mz	150	10	3	86	14	5.5
maze150_10_4.mz	150	10	4	44	56	12.704545454545455
maze150_10_5.mz	150	10	5	89	11	3.5730337078651684
maze150_10_6.mz	150	10	6	58	42	9.810344827586206
maze150_10_7.mz	150	10	7	20	80	12.05
maze150_10_8.mz	150	10	8	40	60	18.1
maze150_10_9.mz	150	10	9	37	63	14.756756756756756
maze150_15_0.mz	150	15	0	14	86	20.285714285714285
maze150_15_1.mz	150	15	1	74	26	9.45945945945946
maze150_15_2.mz	150	15	2	60	40	8.75
maze150_15_3.mz	150	15	3	50	50	11.76
maze150_15_4.mz	150	15	4	61	39	10.737704918032787
maze150_15_5.mz	150	15	5	86	14	3.941860465116279
maze150_15_6.mz	150	15	6	72	28	10.375
maze150_15_7.mz	150	15	7	81	19	6.469135802469136
maze150_15_8.mz	150	15	8	17	83	19.58823529411765
maze150_15_9.mz	150	15	9	81	19	8.851851851851851
maze160_5_0.mz	160	5	0	31	69	14.548387096774194
maze160_5_1.mz	160	5	1	32	68	16.875
maze160_5_2.mz	160	5	2	14	86	20.0
maze160_5_3.mz	160	5	3	12	88	11.333333333333334
maze160_5_4.mz	160	5	4	26	74	16.115384615384617
maze160_5_5.mz	160	5	5	48	52	14.416666666666666
maze160_5_6.mz	160	5	6	2	98	22.5
maze160_5_7.mz	160	5	7	68	32	9.044117647058824
maze160_5_8.mz	160	5	8	6	94	19.166666666666668
maze160_5_9.mz	160	5	9	32	68	14.34375
maze160_10_0.mz	160	10	0	64	36	9.765625
maze160_10_1.mz	160	10	1	37	63	17.864864864864863
maze160_10_2.mz	160	10	2	81	19	6.962962962962963
maze160_10_3.mz	160	10	3	55	45	12.654545454545454
maze160_10_4.mz	160	10	4	34	66	13.0
maze160_10_5.mz	160	10	5	4	96	22.75
maze160_10_6.mz	160	10	6	70	30	8.585714285714285
maze160_10_7.mz	160	10	7	88	12	5.545454545454546
maze160_10_8.mz	160	10	8	15	85	17.8
maze160_10_9.mz	160	10	9	54	46	12.481481481481481
maze160_20_0.mz	160	20	0	5	95	14.4
maze160_20_1.mz	160	20	1	65	35	10.03076923076923
maze160_20_2.mz	160	20	2	16	84	14.625
maze160_20_3.mz	160	20	3	29	71	15.89655172413793
maze160_20_4.mz	160	20	4	99	1	2.121212121212121
maze160_20_5.mz	160	20	5	64	36	11.28125
maze160_20_6.mz	160	20	6	23	77	14.043478260869565
maze160_20_7.mz	160	20	7	4	96	20.0
maze160_20_8.mz	160	20	8	10	90	12.4
maze160_20_9.mz	160	20	9	65	35	7.569230769230769
maze170_5_0.mz	170	5	0	31	69	12.903225806451612
maze170_5_1.mz	170	5	1	36	64	10.25
maze170_5_2.mz	170	5	2	2	98	29.0
maze170_5_3.mz	170	5	3	11	89	19.181818181818183
maze170_5_4.mz	170	5	4	11	89	17.818181818181817
maze170_5_5.mz	170	5	5	2	98	28.0
maze170_5_6.mz	170	5	6	49	51	14.040816326530612
maze170_5_7.mz	170	5	7	50	50	18.66
maze170_5_8.mz	170	5	8	0	100	NaN
maze170_5_9.mz	170	5	9	6	94	18.166666666666668
maze170_10_0.mz	170	10	0	92	8	4.130434782608695
maze170_10_1.mz	170	10	1	12	88	16.25
maze170_10_2.mz	170	10	2	29	71	19.06896551724138
maze170_10_3.mz	170	10	3	1	99	27.0
maze170_10_4.mz	170	10	4	90	10	6.544444444444444
maze170_10_5.mz	170	10	5	0	100	NaN
maze170_10_6.mz	170	10	6	93	7	5.204301075268817
maze170_10_7.mz	170	10	7	39	61	11.35897435897436
maze170_10_8.mz	170	10	8	46	54	11.956521739130435
maze170_10_9.mz	170	10	9	81	19	6.0
maze180_5_0.mz	180	5	0	8	92	20.125
maze180_5_1.mz	180	5	1	14	86	23.928571428571427
maze180_5_2.mz	180	5	2	12	88	9.166666666666666
maze180_5_3.mz	180	5	3	6	94	29.833333333333332
maze180_5_4.mz	180	5	4	1	99	17.0
maze180_5_5.mz	180	5	5	1	99	31.0
maze180_5_6.mz	180	5	6	21	79	18.095238095238095
maze180_5_7.mz	180	5	7	23	77	18.782608695652176
maze180_5_8.mz	180	5	8	3	97	25.666666666666668
maze180_5_9.mz	180	5	9	4	96	18.75
maze180_10_0.mz	180	10	0	7	93	21.428571428571427
maze180_10_1.mz	180	10	1	59	41	10.322033898305085
maze180_10_2.mz	180	10	2	25	75	16.24
maze180_10_3.mz	180	10	3	77	23	7.376623376623376
maze180_10_4.mz	180	10	4	36	64	14.277777777777779
maze180_10_5.mz	180	10	5	70	30	9.0
maze180_10_6.mz	180	10	6	74	26	8.31081081081081
maze180_10_7.mz	180	10	7	23	77	16.17391304347826
maze180_10_8.mz	180	10	8	56	44	12.910714285714286
maze180_10_9.mz	180	10	9	10	90	24.1
maze180_15_0.mz	180	15	0	0	100	NaN
maze180_15_1.mz	180	15	1	26	74	17.73076923076923
maze180_15_2.mz	180	15	2	13	87	17.615384615384617
maze180_15_3.mz	180	15	3	90	10	3.477777777777778
maze180_15_4.mz	180	15	4	4	96	30.75
maze180_15_5.mz	180	15	5	78	22	7.205128205128205
maze180_15_6.mz	180	15	6	36	64	14.88888888888889
maze180_15_7.mz	180	15	7	61	39	7.442622950819672
maze180_15_8.mz	180	15	8	96	4	1.3541666666666667
maze180_15_9.mz	180	15	9	82	18	8.414634146341463
maze180_20_0.mz	180	20	0	21	79	14.666666666666666
maze180_20_1.mz	180	20	1	10	90	12.2
maze180_20_2.mz	180	20	2	4	96	31.25
maze180_20_3.mz	180	20	3	2	98	21.0
maze180_20_4.mz	180	20	4	6	94	13.0
maze180_20_5.mz	180	20	5	45	55	15.933333333333334
maze180_20_6.mz	180	20	6	78	22	7.0256410256410255
maze180_20_7.mz	180	20	7	0	100	NaN
maze180_20_8.mz	180	20	8	1	99	30.0
maze180_20_9.mz	180	20	9	24	76	14.625
maze190_5_0.mz	190	5	0	10	90	26.8
maze190_5_1.mz	190	5	1	60	40	10.933333333333334
maze190_5_2.mz	190	5	2	15	85	22.266666666666666
maze190_5_3.mz	190	5	3	20	80	20.85
maze190_5_4.mz	190	5	4	24	76	17.916666666666668
maze190_5_5.mz	190	5	5	33	67	15.0
maze190_5_6.mz	190	5	6	27	73	18.37037037037037
maze190_5_7.mz	190	5	7	17	83	20.41176470588235
maze190_5_8.mz	190	5	8	2	98	31.0
maze190_5_9.mz	190	5	9	62	38	8.35483870967742
maze190_10_0.mz	190	10	0	73	27	7.602739726027397
maze190_10_1.mz	190	10	1	83	17	9.80722891566265
maze190_10_2.mz	190	10	2	20	80	17.85
maze190_10_3.mz	190	10	3	74	26	9.905405405405405
maze190_10_4.mz	190	10	4	0	100	NaN
maze190_10_5.mz	190	10	5	54	46	16.61111111111111
maze190_10_6.mz	190	10	6	7	93	20.0
maze190_10_7.mz	190	10	7	99	1	0.8585858585858586
maze190_10_8.mz	190	10	8	0	100	NaN
maze190_10_9.mz	190	10	9	27	73	17.48148148148148
maze200_5_0.mz	200	5	0	0	100	NaN
maze200_5_1.mz	200	5	1	6	94	18.833333333333332
maze200_5_2.mz	200	5	2	6	94	19.833333333333332
maze200_5_3.mz	200	5	3	76	24	6.368421052631579
maze200_5_4.mz	200	5	4	5	95	18.4
maze200_5_5.mz	200	5	5	0	100	NaN
maze200_5_6.mz	200	5	6	29	71	13.206896551724139
maze200_5_7.mz	200	5	7	3	97	34.333333333333336
maze200_5_8.mz	200	5	8	0	100	NaN
maze200_5_9.mz	200	5	9	0	100	NaN
maze200_10_0.mz	200	10	0	23	77	16.043478260869566
maze200_10_1.mz	200	10	1	81	19	4.037037037037037
maze200_10_2.mz	200	10	2	16	84	17.5625
maze200_10_3.mz	200	10	3	79	21	6.6835443037974684
maze200_10_4.mz	200	10	4	80	20	5.35
maze200_10_5.mz	200	10	5	0	100	NaN
maze200_10_6.mz	200	10	6	82	18	8.146341463414634
maze200_10_7.mz	200	10	7	4	96	14.0
maze200_10_8.mz	200	10	8	65	35	7.430769230769231
maze200_10_9.mz	200	10	9	66	34	12.393939393939394
maze200_20_0.mz	200	20	0	18	82	22.0
maze200_20_1.mz	200	20	1	49	51	15.46938775510204
maze200_20_2.mz	200	20	2	46	54	12.543478260869565
maze200_20_3.mz	200	20	3	19	81	22.789473684210527
maze200_20_4.mz	200	20	4	61	39	10.0
maze200_20_5.mz	200	20	5	5	95	17.0
maze200_20_6.mz	200	20	6	85	15	6.517647058823529
maze200_20_7.mz	200	20	7	39	61	10.666666666666666
maze200_20_8.mz	200	20	8	2	98	20.5
maze200_20_9.mz	200	20	9	29	71	16.655172413793103
maze210_5_0.mz	210	5	0	0	100	NaN
maze210_5_1.mz	210	5	1	32	68	15.53125
maze210_5_2.mz	210	5	2	18	82	18.666666666666668
maze210_5_3.mz	210	5	3	12	88	22.333333333333332
maze210_5_4.mz	210	5	4	2	98	5.5
maze210_5_5.mz	210	5	5	1	99	33.0
maze210_5_6.mz	210	5	6	5	95	28.6
maze210_5_7.mz	210	5	7	0	100	NaN
maze210_5_8.mz	210	5	8	55	45	10.2
maze210_5_9.mz	210	5	9	6	94	16.333333333333332
maze210_10_0.mz	210	10	0	45	55	15.422222222222222
maze210_10_1.mz	210	10	1	71	29	7.915492957746479
maze210_10_2.mz	210	10	2	23	77	18.043478260869566
maze210_10_3.mz	210	10	3	38	62	11.973684210526315
maze210_10_4.mz	210	10	4	24	76	20.875
maze210_10_5.mz	210	10	5	6	94	29.166666666666668
maze210_10_6.mz	210	10	6	37	63	19.62162162162162
maze210_10_7.mz	210	10	7	70	30	7.271428571428571
maze210_10_8.mz	210	10	8	18	82	16.72222222222222
maze210_10_9.mz	210	10	9	48	52	16.4375
maze210_15_0.mz	210	15	0	7	93	22.0
maze210_15_1.mz	210	15	1	9	91	10.0
maze210_15_2.mz	210	15	2	53	47	13.528301886792454
maze210_15_3.mz	210	15	3	28	72	14.464285714285714
maze210_15_4.mz	210	15	4	25	75	18.92
maze210_15_5.mz	210	15	5	57	43	12.280701754385966
maze210_15_6.mz	210	15	6	78	22	6.564102564102564
maze210_15_7.mz	210	15	7	82	18	7.890243902439025
maze210_15_8.mz	210	15	8	27	73	14.555555555555555
maze210_15_9.mz	210	15	9	27	73	13.0
maze220_5_0.mz	220	5	0	10	90	19.3
maze220_5_1.mz	220	5	1	2	98	25.0
maze220_5_2.mz	220	5	2	12	88	23.416666666666668
maze220_5_3.mz	220	5	3	5	95	29.2
maze220_5_4.mz	220	5	4	4	96	19.5
maze220_5_5.mz	220	5	5	6	94	25.833333333333332
maze220_5_6.mz	220	5	6	0	100	NaN
maze220_5_7.mz	220	5	7	1	99	29.0
maze220_5_8.mz	220	5	8	1	99	43.0
maze220_5_9.mz	220	5	9	24	76	16.083333333333332
maze220_10_0.mz	220	10	0	33	67	15.909090909090908
maze220_10_1.mz	220	10	1	50	50	10.62
maze220_10_2.mz	220	10	2	10	90	24.0
maze220_10_3.mz	220	10	3	8	92	18.375
maze220_10_4.mz	220	10	4	26	74	9.692307692307692
maze220_10_5.mz	220	10	5	33	67	16.666666666666668
maze220_10_6.mz	220	10	6	3	97	9.666666666666666
maze220_10_7.mz	220	10	7	82	18	7.682926829268292
maze220_10_8.mz	220	10	8	1	99	29.0
maze220_10_9.mz	220	10	9	11	89	16.09090909090909
maze220_20_0.mz	220	20	0	16	84	20.0
maze220_20_1.mz	220	20	1	99	1	0.45454545454545453
maze220_20_2.mz	220	20	2	49	51	11.89795918367347
maze220_20_3.mz	220	20	3	40	60	16.3
maze220_20_4.mz	220	20	4	67	33	7.940298507462686
maze220_20_5.mz	220	20	5	70	30	8.542857142857143
maze220_20_6.mz	220	20	6	76	24	6.552631578947368
maze220_20_7.mz	220	20	7	51	49	14.07843137254902
maze220_20_8.mz	220	20	8	49	51	11.020408163265307
maze220_20_9.mz	220	20	9	23	77	14.26086956521739
maze230_5_0.mz	230	5	0	1	99	2.0
maze230_5_1.mz	230	5	1	11	89	21.363636363636363
maze230_5_2.mz	230	5	2	34	66	17.58823529411765
maze230_5_3.mz	230	5	3	5	95	27.4
maze230_5_4.mz	230	5	4	18	82	15.722222222222221
maze230_5_5.mz	230	5	5	5	95	15.4
maze230_5_6.mz	230	5	6	10	90	21.1
maze230_5_7.mz	230	5	7	0	100	NaN
maze230_5_8.mz	230	5	8	0	100	NaN
maze230_5_9.mz	230	5	9	0	100	NaN
maze230_10_0.mz	230	10	0	31	69	19.258064516129032
maze230_10_1.mz	230	10	1	20	80	16.5
maze230_10_2.mz	230	10	2	17	83	16.352941176470587
maze230_10_3.mz	230	10	3	68	32	11.941176470588236
maze230_10_4.mz	230	10	4	30	70	13.8
maze230_10_5.mz	230	10	5	34	66	16.058823529411764
maze230_10_6.mz	230	10	6	75	25	6.706666666666667
maze230_10_7.mz	230	10	7	87	13	4.310344827586207
maze230_10_8.mz	230	10	8	69	31	6.9855072463768115
maze230_10_9.mz	230	10	9	5	95	14.0
maze240_5_0.mz	240	5	0	0	100	NaN
maze240_5_1.mz	240	5	1	1	99	35.0
maze240_5_2.mz	240	5	2	0	100	NaN
maze240_5_3.mz	240	5	3	2	98	29.5
maze240_5_4.mz	240	5	4	0	100	NaN
maze240_5_5.mz	240	5	5	28	72	13.678571428571429
maze240_5_6.mz	240	5	6	38	62	15.052631578947368
maze240_5_7.mz	240	5	7	0	100	NaN
maze240_5_8.mz	240	5	8	25	75	20.04
maze240_5_9.mz	240	5	9	3	97	23.0
maze240_10_0.mz	240	10	0	0	100	NaN
maze240_10_1.mz	240	10	1	2	98	15.0
maze240_10_2.mz	240	10	2	28	72	14.678571428571429
maze240_10_3.mz	240	10	3	73	27	7.273972602739726
maze240_10_4.mz	240	10	4	46	54	15.630434782608695
maze240_10_5.mz	240	10	5	7	93	15.285714285714286
maze240_10_6.mz	240	10	6	46	54	15.021739130434783
maze240_10_7.mz	240	10	7	17	83	15.294117647058824
maze240_10_8.mz	240	10	8	95	5	2.4526315789473685
maze240_10_9.mz	240	10	9	6	94	20.5
maze240_15_0.mz	240	15	0	88	12	7.818181818181818
maze240_15_1.mz	240	15	1	41	59	11.804878048780488
maze240_15_2.mz	240	15	2	39	61	10.512820512820513
maze240_15_3.mz	240	15	3	84	16	4.892857142857143
maze240_15_4.mz	240	15	4	6	94	30.833333333333332
maze240_15_5.mz	240	15	5	93	7	3.3655913978494625
maze240_15_6.mz	240	15	6	39	61	15.461538461538462
maze240_15_7.mz	240	15	7	9	91	18.22222222222222
maze240_15_8.mz	240	15	8	34	66	15.823529411764707
maze240_15_9.mz	240	15	9	29	71	15.10344827586207
maze240_20_0.mz	240	20	0	73	27	10.986301369863014
maze240_20_1.mz	240	20	1	73	27	7.616438356164384
maze240_20_2.mz	240	20	2	20	80	15.35
maze240_20_3.mz	240	20	3	11	89	15.818181818181818
maze240_20_4.mz	240	20	4	15	85	15.533333333333333
maze240_20_5.mz	240	20	5	61	39	8.032786885245901
maze240_20_6.mz	240	20	6	20	80	11.55
maze240_20_7.mz	240	20	7	31	69	14.612903225806452
maze240_20_8.mz	240	20	8	0	100	NaN
maze240_20_9.mz	240	20	9	15	85	15.933333333333334
maze250_5_0.mz	250	5	0	4	96	30.25
maze250_5_1.mz	250	5	1	1	99	35.0
maze250_5_2.mz	250	5	2	1	99	28.0
maze250_5_3.mz	250	5	3	0	100	NaN
maze250_5_4.mz	250	5	4	14	86	15.285714285714286
maze250_5_5.mz	250	5	5	3	97	21.333333333333332
maze250_5_6.mz	250	5	6	3	97	28.666666666666668
maze250_5_7.mz	250	5	7	5	95	15.6
maze250_5_8.mz	250	5	8	0	100	NaN
maze250_5_9.mz	250	5	9	11	89	16.545454545454547
maze250_10_0.mz	250	10	0	0	100	NaN
maze250_10_1.mz	250	10	1	66	34	8.424242424242424
maze250_10_2.mz	250	10	2	0	100	NaN
maze250_10_3.mz	250	10	3	12	88	19.833333333333332
maze250_10_4.mz	250	10	4	27	73	12.555555555555555
maze250_10_5.mz	250	10	5	22	78	16.363636363636363
maze250_10_6.mz	250	10	6	31	69	11.225806451612904
maze250_10_7.mz	250	10	7	2	98	23.5
maze250_10_8.mz	250	10	8	3	97	19.666666666666668
maze250_10_9.mz	250	10	9	42	58	15.333333333333334
maze260_5_0.mz	260	5	0	0	100	NaN
maze260_5_1.mz	260	5	1	1	99	9.0
maze260_5_2.mz	260	5	2	0	100	NaN
maze260_5_3.mz	260	5	3	15	85	22.333333333333332
maze260_5_4.mz	260	5	4	11	89	18.636363636363637
maze260_5_5.mz	260	5	5	30	70	14.0
maze260_5_6.mz	260	5	6	18	82	16.72222222222222
maze260_5_7.mz	260	5	7	14	86	17.571428571428573
maze260_5_8.mz	260	5	8	44	56	14.340909090909092
maze260_5_9.mz	260	5	9	0	100	NaN
maze260_10_0.mz	260	10	0	2	98	24.0
maze260_10_1.mz	260	10	1	7	93	21.857142857142858
maze260_10_2.mz	260	10	2	7	93	19.0
maze260_10_3.mz	260	10	3	13	87	21.384615384615383
maze260_10_4.mz	260	10	4	3	97	23.666666666666668
maze260_10_5.mz	260	10	5	36	64	12.11111111111111
maze260_10_6.mz	260	10	6	11	89	24.0
maze260_10_7.mz	260	10	7	6	94	30.0
maze260_10_8.mz	260	10	8	0	100	NaN
maze260_10_9.mz	260	10	9	1	99	15.0
maze260_20_0.mz	260	20	0	21	79	15.904761904761905
maze260_20_1.mz	260	20	1	8	92	22.125
maze260_20_2.mz	260	20	2	21	79	9.142857142857142
maze260_20_3.mz	260	20	3	2	98	20.0
maze260_20_4.mz	260	20	4	40	60	13.9
maze260_20_5.mz	260	20	5	1	99	17.0
maze260_20_6.mz	260	20	6	9	91	14.333333333333334
maze260_20_7.mz	260	20	7	12	88	19.25
maze260_20_8.mz	260	20	8	59	41	8.338983050847459
maze260_20_9.mz	260	20	9	44	56	16.522727272727273
maze270_5_0.mz	270	5	0	1	99	43.0
maze270_5_1.mz	270	5	1	2	98	25.5
maze270_5_2.mz	270	5	2	0	100	NaN
maze270_5_3.mz	270	5	3	1	99	41.0
maze270_5_4.mz	270	5	4	3	97	11.666666666666666
maze270_5_5.mz	270	5	5	0	100	NaN
maze270_5_6.mz	270	5	6	0	100	NaN
maze270_5_7.mz	270	5	7	18	82	18.333333333333332
maze270_5_8.mz	270	5	8	5	95	20.2
maze270_5_9.mz	270	5	9	1	99	24.0
maze270_10_0.mz	270	10	0	0	100	NaN
maze270_10_1.mz	270	10	1	79	21	6.822784810126582
maze270_10_2.mz	270	10	2	27	73	15.925925925925926
maze270_10_3.mz	270	10	3	13	87	23.076923076923077
maze270_10_4.mz	270	10	4	15	85	18.4
maze270_10_5.mz	270	10	5	0	100	NaN
maze270_10_6.mz	270	10	6	1	99	30.0
maze270_10_7.mz	270	10	7	3	97	17.333333333333332
maze270_10_8.mz	270	10	8	14	86	23.857142857142858
maze270_10_9.mz	270	10	9	1	99	47.0
maze270_15_0.mz	270	15	0	28	72	13.321428571428571
maze270_15_1.mz	270	15	1	13	87	15.076923076923077
maze270_15_2.mz	270	15	2	93	7	4.698924731182796
maze270_15_3.mz	270	15	3	0	100	NaN
maze270_15_4.mz	270	15	4	27	73	15.851851851851851
maze270_15_5.mz	270	15	5	8	92	24.25
maze270_15_6.mz	270	15	6	12	88	18.0
maze270_15_7.mz	270	15	7	3	97	9.666666666666666
maze270_15_8.mz	270	15	8	40	60	12.825
maze270_15_9.mz	270	15	9	10	90	24.1
maze280_5_0.mz	280	5	0	0	100	NaN
maze280_5_1.mz	280	5	1	1	99	35.0
maze280_5_2.mz	280	5	2	0	100	NaN
maze280_5_3.mz	280	5	3	2	98	48.0
maze280_5_4.mz	280	5	4	0	100	NaN
maze280_5_5.mz	280	5	5	1	99	15.0
maze280_5_6.mz	280	5	6	7	93	25.714285714285715
maze280_5_7.mz	280	5	7	9	91	15.11111111111111
maze280_5_8.mz	280	5	8	3	97	33.333333333333336
maze280_5_9.mz	280	5	9	0	100	NaN
maze280_10_0.mz	280	10	0	17	83	16.58823529411765
maze280_10_1.mz	280	10	1	29	71	14.89655172413793
maze280_10_2.mz	280	10	2	4	96	29.75
maze280_10_3.mz	280	10	3	17	83	19.529411764705884
maze280_10_4.mz	280	10	4	10	90	23.9
maze280_10_5.mz	280	10	5	6	94	22.5
maze280_10_6.mz	280	10	6	5	95	15.2
maze280_10_7.mz	280	10	7	6	94	7.166666666666667
maze280_10_8.mz	280	10	8	4	96	27.0
maze280_10_9.mz	280	10	9	11	89	23.818181818181817
maze280_20_0.mz	280	20	0	0	100	NaN
maze280_20_1.mz	280	20	1	9	91	25.88888888888889
maze280_20_2.mz	280	20	2	68	32	7.823529411764706
maze280_20_3.mz	280	20	3	3	97	16.333333333333332
maze280_20_4.mz	280	20	4	0	100	NaN
maze280_20_5.mz	280	20	5	76	24	10.618421052631579
maze280_20_6.mz	280	20	6	9	91	19.333333333333332
maze280_20_7.mz	280	20	7	2	98	36.0
maze280_20_8.mz	280	20	8	2	98	18.5
maze280_20_9.mz	280	20	9	92	8	3.5434782608695654
maze290_5_0.mz	290	5	0	0	100	NaN
maze290_5_1.mz	290	5	1	0	100	NaN
maze290_5_2.mz	290	5	2	1	99	2.0
maze290_5_3.mz	290	5	3	1	99	36.0
maze290_5_4.mz	290	5	4	2	98	23.0
maze290_5_5.mz	290	5	5	1	99	29.0
maze290_5_6.mz	290	5	6	2	98	16.5
maze290_5_7.mz	290	5	7	56	44	13.892857142857142
maze290_5_8.mz	290	5	8	2	98	20.5
maze290_5_9.mz	290	5	9	0	100	NaN
maze290_10_0.mz	290	10	0	27	73	16.0
maze290_10_1.mz	290	10	1	25	75	18.6
maze290_10_2.mz	290	10	2	6	94	17.833333333333332
maze290_10_3.mz	290	10	3	16	84	16.25
maze290_10_4.mz	290	10	4	7	93	15.142857142857142
maze290_10_5.mz	290	10	5	50	50	11.5
maze290_10_6.mz	290	10	6	0	100	NaN
maze290_10_7.mz	290	10	7	35	65	12.2
maze290_10_8.mz	290	10	8	32	68	11.71875
maze290_10_9.mz	290	10	9	31	69	11.096774193548388
maze300_5_0.mz	300	5	0	0	100	NaN
maze300_5_1.mz	300	5	1	14	86	20.071428571428573
maze300_5_2.mz	300	5	2	1	99	29.0
maze300_5_3.mz	300	5	3	0	100	NaN
maze300_5_4.mz	300	5	4	0	100	NaN
maze300_5_5.mz	300	5	5	0	100	NaN
maze300_5_6.mz	300	5	6	1	99	14.0
maze300_5_7.mz	300	5	7	0	100	NaN
maze300_5_8.mz	300	5	8	0	100	NaN
maze300_5_9.mz	300	5	9	0	100	NaN
maze300_10_0.mz	300	10	0	15	85	22.6
maze300_10_1.mz	300	10	1	52	48	12.134615384615385
maze300_10_2.mz	300	10	2	0	100	NaN
maze300_10_3.mz	300	10	3	33	67	17.484848484848484
maze300_10_4.mz	300	10	4	3	97	21.0
maze300_10_5.mz	300	10	5	11	89	24.818181818181817
maze300_10_6.mz	300	10	6	4	96	19.5
maze300_10_7.mz	300	10	7	11	89	12.363636363636363
maze300_10_8.mz	300	10	8	94	6	3.6382978723404253
maze300_10_9.mz	300	10	9	4	96	19.25
maze300_15_0.mz	300	15	0	26	74	18.73076923076923
maze300_15_1.mz	300	15	1	43	57	18.976744186046513
maze300_15_2.mz	300	15	2	82	18	7.7439024390243905
maze300_15_3.mz	300	15	3	15	85	20.866666666666667
maze300_15_4.mz	300	15	4	5	95	15.4
maze300_15_5.mz	300	15	5	1	99	43.0
maze300_15_6.mz	300	15	6	58	42	10.362068965517242
maze300_15_7.mz	300	15	7	32	68	14.21875
maze300_15_8.mz	300	15	8	45	55	11.266666666666667
maze300_15_9.mz	300	15	9	2	98	40.5
maze300_20_0.mz	300	20	0	65	35	10.015384615384615
maze300_20_1.mz	300	20	1	25	75	18.72
maze300_20_2.mz	300	20	2	1	99	6.0
maze300_20_3.mz	300	20	3	21	79	24.476190476190474
maze300_20_4.mz	300	20	4	13	87	12.692307692307692
maze300_20_5.mz	300	20	5	33	67	14.545454545454545
maze300_20_6.mz	300	20	6	6	94	24.666666666666668
maze300_20_7.mz	300	20	7	64	36	9.15625
maze300_20_8.mz	300	20	8	2	98	27.5
maze300_20_9.mz	300	20	9	5	95	14.0
